<?xml version="1.0" encoding="utf-8"?>
<COLLADA xmlns="http://www.collada.org/2005/11/COLLADASchema" version="1.4.1">
  <asset>
    <contributor>
      <author>Mixamo</author>
      <authoring_tool>COLLADA Mixamo exporter</authoring_tool>
      <comments/>
    </contributor>
    <created>2025-04-13T07:25:41Z</created>
    <modified>2025-04-13T07:25:41Z</modified>
    <revision/>
    <title/>
    <unit meter="0.010000"/>
    <up_axis>Y_UP</up_axis>
  </asset>
  <library_animations>
    <animation id="mixamorig_Hips-anim" name="mixamorig_Hips">
      <source id="mixamorig_Hips-Matrix-animation-input">
        <float_array id="mixamorig_Hips-Matrix-animation-input-array" count="77">

0.000000 0.033333 0.066667 0.100000 0.133333 0.166667 0.200000 0.233333 0.266667 0.300000 0.333333 0.366667 0.400000 0.433333 0.466667 0.500000
0.533333 0.566667 0.600000 0.633333 0.666667 0.700000 0.733333 0.766667 0.800000 0.833333 0.866667 0.900000 0.933333 0.966667 1.000000 1.033333
1.066667 1.100000 1.133333 1.166667 1.200000 1.233333 1.266667 1.300000 1.333333 1.366667 1.400000 1.433333 1.466667 1.500000 1.533333 1.566667
1.600000 1.633333 1.666667 1.700000 1.733333 1.766667 1.800000 1.833333 1.866667 1.900000 1.933333 1.966667 2.000000 2.033333 2.066667 2.100000
2.133333 2.166667 2.200000 2.233333 2.266667 2.300000 2.333333 2.366667 2.400000 2.433333 2.466667 2.500000 2.533333</float_array>
        <technique_common>
          <accessor source="#mixamorig_Hips-Matrix-animation-input-array" count="77">
            <param name="TIME" type="float"/>
          </accessor>
        </technique_common>
      </source>
      <source id="mixamorig_Hips-Matrix-animation-output-transform">
        <float_array id="mixamorig_Hips-Matrix-animation-output-transform-array" count="1232">

0.994414 0.103307 -0.021655 3.361033 -0.105549 0.975024 -0.195419 73.093742 0.000925 0.196613 0.980481 0.392339 0.000000 0.000000 0.000000 1.000000
0.994471 0.085436 -0.061058 2.057093 -0.094233 0.982637 -0.159828 69.989441 0.046343 0.164698 0.985255 18.773209 0.000000 0.000000 0.000000 1.000000
0.995258 0.053705 -0.081097 1.157095 -0.063642 0.990064 -0.125388 68.279396 0.073558 0.129955 0.988788 30.891691 0.000000 0.000000 0.000000 1.000000
0.994706 0.045166 -0.092307 0.730130 -0.053751 0.994238 -0.092743 66.937874 0.087586 0.097214 0.991402 40.938927 0.000000 0.000000 0.000000 1.000000
0.995906 0.038599 -0.081736 0.369907 -0.042763 0.997842 -0.049819 67.074120 0.079637 0.053110 0.995408 51.371376 0.000000 0.000000 0.000000 1.000000
0.998475 0.019643 -0.051587 -0.115957 -0.019373 0.999796 0.005714 67.280563 0.051688 -0.004706 0.998652 64.215149 0.000000 0.000000 0.000000 1.000000
0.999442 -0.003000 -0.033259 -0.978042 0.005210 0.997769 0.066556 65.238617 0.032985 -0.066692 0.997228 78.749161 0.000000 0.000000 0.000000 1.000000
0.999324 -0.032979 -0.016232 -1.705676 0.034622 0.992841 0.114311 63.878784 0.012346 -0.114796 0.993312 91.105385 0.000000 0.000000 0.000000 1.000000
0.998406 -0.056107 -0.006093 -1.474601 0.056400 0.988008 0.143733 66.239998 -0.002045 -0.143848 0.989598 102.582489 0.000000 0.000000 0.000000 1.000000
0.998374 -0.055240 -0.014033 -0.608576 0.056779 0.985358 0.160766 70.215355 0.004947 -0.161301 0.986893 114.181725 0.000000 0.000000 0.000000 1.000000
0.998908 -0.033001 -0.033059 0.378449 0.038123 0.984927 0.168715 73.810745 0.026993 -0.169791 0.985110 125.609985 0.000000 0.000000 0.000000 1.000000
0.998885 -0.003998 -0.047047 1.251849 0.012483 0.983317 0.181470 76.820747 0.045536 -0.181855 0.982270 136.773224 0.000000 0.000000 0.000000 1.000000
0.998500 0.022227 -0.050046 2.069509 -0.011299 0.977879 0.208867 79.680008 0.053581 -0.207988 0.976663 148.276321 0.000000 0.000000 0.000000 1.000000
0.998223 0.048402 -0.034751 2.809827 -0.038944 0.971382 0.234308 81.592255 0.045098 -0.232538 0.971541 160.022415 0.000000 0.000000 0.000000 1.000000
0.998369 0.052860 -0.021552 3.214731 -0.046196 0.969928 0.238968 82.272240 0.033536 -0.237582 0.970788 171.181427 0.000000 0.000000 0.000000 1.000000
0.999314 0.033600 -0.015601 3.243662 -0.029203 0.973624 0.226283 81.475861 0.022793 -0.225672 0.973937 180.977188 0.000000 0.000000 0.000000 1.000000
0.999946 0.003259 -0.009894 2.629402 -0.001133 0.978188 0.207718 79.198341 0.010355 -0.207695 0.978139 189.726425 0.000000 0.000000 0.000000 1.000000
0.999839 -0.017414 -0.004315 2.076759 0.017913 0.982322 0.186342 75.383652 0.000994 -0.186389 0.982476 197.965652 0.000000 0.000000 0.000000 1.000000
0.999600 -0.024902 -0.013404 2.425430 0.026688 0.987425 0.155818 69.542953 0.009355 -0.156113 0.987695 205.519028 0.000000 0.000000 0.000000 1.000000
0.998805 -0.026821 -0.040865 3.434236 0.031195 0.993391 0.110458 61.779724 0.037632 -0.111600 0.993040 212.657532 0.000000 0.000000 0.000000 1.000000
0.997317 -0.026027 -0.068416 4.423437 0.029856 0.998010 0.055544 53.604980 0.066834 -0.057438 0.996110 220.277161 0.000000 0.000000 0.000000 1.000000
0.996109 -0.029009 -0.083217 4.724541 0.028803 0.999578 -0.003684 46.048504 0.083289 0.001272 0.996525 228.660370 0.000000 0.000000 0.000000 1.000000
0.995300 -0.040240 -0.088084 4.544185 0.033584 0.996558 -0.075784 38.781853 0.090830 0.072470 0.993226 236.942963 0.000000 0.000000 0.000000 1.000000
0.995897 -0.042691 -0.079785 4.985230 0.027750 0.983317 -0.179770 30.591772 0.086129 0.176818 0.980468 243.394592 0.000000 0.000000 0.000000 1.000000
0.996752 -0.030205 -0.074647 6.024910 0.004648 0.947019 -0.321144 25.591360 0.080392 0.319754 0.944084 247.615036 0.000000 0.000000 0.000000 1.000000
0.996595 -0.008491 -0.082011 6.658616 -0.032741 0.872134 -0.488171 22.944649 0.075669 0.489194 0.868886 250.942291 0.000000 0.000000 0.000000 1.000000
0.995679 0.008374 -0.092479 6.375607 -0.067421 0.750012 -0.657978 22.679811 0.063851 0.661371 0.747337 256.237305 0.000000 0.000000 0.000000 1.000000
0.996032 0.022487 -0.086103 5.996159 -0.082798 0.588813 -0.804017 23.661961 0.032619 0.807957 0.588339 264.683563 0.000000 0.000000 0.000000 1.000000
0.996674 0.037351 -0.072434 6.266228 -0.081404 0.413902 -0.906674 24.051294 -0.003884 0.909555 0.415566 274.917480 0.000000 0.000000 0.000000 1.000000
0.996179 0.045368 -0.074626 6.791947 -0.083065 0.228319 -0.970036 22.268452 -0.026970 0.972529 0.231215 285.795013 0.000000 0.000000 0.000000 1.000000
0.994743 0.050764 -0.088936 7.164015 -0.089249 0.003940 -0.996002 18.975042 -0.050210 0.998703 0.008450 296.041779 0.000000 0.000000 0.000000 1.000000
0.993859 0.057648 -0.094446 7.556568 -0.080612 -0.207465 -0.974915 17.080929 -0.075796 0.976542 -0.201544 304.156189 0.000000 0.000000 0.000000 1.000000
0.994955 0.055318 -0.083690 7.825181 -0.064054 -0.291746 -0.954349 19.206047 -0.077209 0.954895 -0.286731 309.357788 0.000000 0.000000 0.000000 1.000000
0.996896 0.041041 -0.067191 7.677578 -0.054024 -0.264241 -0.962942 24.420708 -0.057275 0.963583 -0.261204 313.059174 0.000000 0.000000 0.000000 1.000000
0.998596 0.031059 -0.042918 7.428245 -0.034590 -0.231354 -0.972255 29.191074 -0.040127 0.972374 -0.229955 317.225922 0.000000 0.000000 0.000000 1.000000
0.999688 0.019268 -0.015874 7.224766 -0.010216 -0.264425 -0.964352 31.539314 -0.022778 0.964214 -0.264146 321.589325 0.000000 0.000000 0.000000 1.000000
0.999948 -0.008221 0.006029 7.170015 0.002805 -0.346699 -0.937972 32.232811 0.009802 0.937941 -0.346658 325.232605 0.000000 0.000000 0.000000 1.000000
0.999230 -0.036685 0.013908 7.418189 -0.002418 -0.411406 -0.911449 32.775322 0.039158 0.910714 -0.411178 327.832153 0.000000 0.000000 0.000000 1.000000
0.999369 -0.035379 -0.003280 7.876215 -0.017976 -0.423847 -0.905555 33.701065 0.030647 0.905043 -0.424216 329.614807 0.000000 0.000000 0.000000 1.000000
0.999490 -0.007514 -0.031029 8.327623 -0.031369 -0.411842 -0.910715 34.853207 -0.005936 0.911224 -0.411868 330.687958 0.000000 0.000000 0.000000 1.000000
0.998430 0.013430 -0.054387 8.734310 -0.043981 -0.413399 -0.909487 35.916992 -0.034698 0.910451 -0.412160 331.024963 0.000000 0.000000 0.000000 1.000000
0.997301 0.017872 -0.071213 9.248567 -0.056717 -0.428402 -0.901807 36.662758 -0.046625 0.903412 -0.426232 330.791229 0.000000 0.000000 0.000000 1.000000
0.996322 0.017479 -0.083882 9.849339 -0.067805 -0.437685 -0.896568 36.913746 -0.052385 0.898959 -0.434890 330.242767 0.000000 0.000000 0.000000 1.000000
0.995472 0.017541 -0.093421 10.287577 -0.076613 -0.433683 -0.897802 36.434788 -0.056263 0.900895 -0.430376 329.568878 0.000000 0.000000 0.000000 1.000000
0.995034 0.014434 -0.098481 10.340823 -0.083359 -0.419818 -0.903772 35.169968 -0.054389 0.907494 -0.416530 328.830200 0.000000 0.000000 0.000000 1.000000
0.995062 0.007028 -0.099009 10.118581 -0.087921 -0.400530 -0.912056 33.310837 -0.046066 0.916256 -0.397935 328.009521 0.000000 0.000000 0.000000 1.000000
0.995384 0.001335 -0.095963 9.890892 -0.088273 -0.379686 -0.920895 31.344114 -0.037665 0.925115 -0.377815 326.912292 0.000000 0.000000 0.000000 1.000000
0.995806 0.001911 -0.091468 9.762889 -0.084731 -0.357826 -0.929936 29.486616 -0.034507 0.933786 -0.356164 325.341156 0.000000 0.000000 0.000000 1.000000
0.996082 0.006569 -0.088194 9.647491 -0.081005 -0.332411 -0.939649 27.439486 -0.035489 0.943112 -0.330577 323.392120 0.000000 0.000000 0.000000 1.000000
0.996232 0.012059 -0.085885 9.407865 -0.078298 -0.300821 -0.950461 24.904217 -0.037297 0.953605 -0.298743 321.419159 0.000000 0.000000 0.000000 1.000000
0.996322 0.017422 -0.083895 9.152941 -0.076598 -0.257701 -0.963184 21.890755 -0.038400 0.966068 -0.255418 319.824860 0.000000 0.000000 0.000000 1.000000
0.996225 0.024186 -0.083370 9.257998 -0.076960 -0.198228 -0.977130 18.605827 -0.040159 0.979858 -0.195618 318.902161 0.000000 0.000000 0.000000 1.000000
0.995682 0.030516 -0.087675 9.924041 -0.083332 -0.122427 -0.988973 15.321260 -0.040913 0.992008 -0.119355 319.047729 0.000000 0.000000 0.000000 1.000000
0.995032 0.031727 -0.094365 9.204567 -0.093156 -0.037645 -0.994940 12.536365 -0.035119 0.998787 -0.034503 318.151062 0.000000 0.000000 0.000000 1.000000
0.994716 0.033834 -0.096926 8.151258 -0.098280 0.040956 -0.994316 10.715853 -0.029672 0.998588 0.044065 317.563690 0.000000 0.000000 0.000000 1.000000
0.994645 0.046609 -0.092241 8.320010 -0.096587 0.101720 -0.990113 10.427763 -0.036765 0.993721 0.105677 316.901154 0.000000 0.000000 0.000000 1.000000
0.995131 0.055339 -0.081564 8.527672 -0.088760 0.143313 -0.985689 11.400038 -0.042857 0.988129 0.147527 316.662384 0.000000 0.000000 0.000000 1.000000
0.996117 0.051807 -0.071186 8.582138 -0.079059 0.170526 -0.982177 12.587231 -0.038745 0.983990 0.173959 315.876953 0.000000 0.000000 0.000000 1.000000
0.997084 0.038721 -0.065762 7.945213 -0.071967 0.190369 -0.979071 13.367411 -0.025392 0.980949 0.192601 314.398132 0.000000 0.000000 0.000000 1.000000
0.997519 0.029971 -0.063703 7.401222 -0.068539 0.206703 -0.976000 13.852465 -0.016084 0.977945 0.208244 313.250580 0.000000 0.000000 0.000000 1.000000
0.997611 0.031439 -0.061513 7.555038 -0.066921 0.218895 -0.973451 14.172733 -0.017139 0.975242 0.220476 313.012604 0.000000 0.000000 0.000000 1.000000
0.997624 0.035136 -0.059257 7.845137 -0.065667 0.224966 -0.972151 14.227011 -0.020827 0.973733 0.226739 312.847626 0.000000 0.000000 0.000000 1.000000
0.997721 0.034661 -0.057890 7.894473 -0.064189 0.223141 -0.972670 13.948376 -0.020796 0.974170 0.224857 312.311890 0.000000 0.000000 0.000000 1.000000
0.997870 0.029605 -0.058132 7.807925 -0.063131 0.213686 -0.974860 13.343013 -0.016439 0.976454 0.215100 311.593933 0.000000 0.000000 0.000000 1.000000
0.997876 0.024309 -0.060441 7.773781 -0.064073 0.198463 -0.978012 12.504178 -0.011779 0.979807 0.199599 311.241974 0.000000 0.000000 0.000000 1.000000
0.997658 0.025260 -0.063561 7.974709 -0.067048 0.177614 -0.981813 11.667832 -0.013511 0.983776 0.178892 311.546783 0.000000 0.000000 0.000000 1.000000
0.997349 0.028154 -0.067097 8.037133 -0.070560 0.148943 -0.986325 11.143541 -0.017776 0.988445 0.150534 312.584717 0.000000 0.000000 0.000000 1.000000
0.997098 0.027416 -0.071028 8.208748 -0.073648 0.110811 -0.991109 10.878492 -0.019301 0.993463 0.112509 313.355316 0.000000 0.000000 0.000000 1.000000
0.996970 0.020132 -0.075130 8.469245 -0.076343 0.068423 -0.994731 10.854408 -0.014885 0.997453 0.069753 313.812714 0.000000 0.000000 0.000000 1.000000
0.996914 0.009139 -0.077965 8.398238 -0.078226 0.032977 -0.996390 10.998976 -0.006535 0.999414 0.033590 314.328705 0.000000 0.000000 0.000000 1.000000
0.996888 0.003725 -0.078739 8.170367 -0.078768 0.008486 -0.996857 11.077770 -0.003046 0.999957 0.008753 314.667938 0.000000 0.000000 0.000000 1.000000
0.996941 0.006123 -0.077913 8.072421 -0.077856 -0.009066 -0.996923 11.118420 -0.006811 0.999940 -0.008562 315.204926 0.000000 0.000000 0.000000 1.000000
0.997106 0.011048 -0.075211 7.924997 -0.074957 -0.021859 -0.996947 11.096409 -0.012659 0.999700 -0.020967 315.827545 0.000000 0.000000 0.000000 1.000000
0.997334 0.015937 -0.071215 7.652405 -0.070730 -0.029131 -0.997070 11.090914 -0.017965 0.999449 -0.027926 316.424042 0.000000 0.000000 0.000000 1.000000
0.997451 0.021312 -0.068093 7.487008 -0.067408 -0.031342 -0.997233 11.127079 -0.023387 0.999281 -0.029826 316.736572 0.000000 0.000000 0.000000 1.000000
0.997407 0.025992 -0.067113 7.587831 -0.066315 -0.030417 -0.997335 11.162664 -0.027964 0.999199 -0.028615 316.733978 0.000000 0.000000 0.000000 1.000000
0.997339 0.028466 -0.067117 7.879963 -0.066357 -0.026864 -0.997434 11.239950 -0.030196 0.999234 -0.024903 316.856506 0.000000 0.000000 0.000000 1.000000</float_array>
        <technique_common>
          <accessor source="#mixamorig_Hips-Matrix-animation-output-transform-array" count="77" stride="16">
            <param type="float4x4"/>
          </accessor>
        </technique_common>
      </source>
      <source id="mixamorig_Hips-Interpolations">
        <Name_array id="mixamorig_Hips-Interpolations-array" count="77">
 LINEAR LINEAR LINEAR LINEAR LINEAR LINEAR LINEAR LINEAR LINEAR LINEAR LINEAR
LINEAR LINEAR LINEAR LINEAR LINEAR LINEAR LINEAR LINEAR LINEAR LINEAR LINEAR LINEAR
LINEAR LINEAR LINEAR LINEAR LINEAR LINEAR LINEAR LINEAR LINEAR LINEAR LINEAR LINEAR
LINEAR LINEAR LINEAR LINEAR LINEAR LINEAR LINEAR LINEAR LINEAR LINEAR LINEAR LINEAR
LINEAR LINEAR LINEAR LINEAR LINEAR LINEAR LINEAR LINEAR LINEAR LINEAR LINEAR LINEAR
LINEAR LINEAR LINEAR LINEAR LINEAR LINEAR LINEAR LINEAR LINEAR LINEAR LINEAR LINEAR
LINEAR LINEAR LINEAR LINEAR LINEAR LINEAR</Name_array>
        <technique_common>
          <accessor source="#mixamorig_Hips-Interpolations-array" count="77">
            <param type="name"/>
          </accessor>
        </technique_common>
      </source>
      <sampler id="mixamorig_Hips-Matrix-animation-transform">
        <input semantic="INPUT" source="#mixamorig_Hips-Matrix-animation-input"/>
        <input semantic="OUTPUT" source="#mixamorig_Hips-Matrix-animation-output-transform"/>
        <input semantic="INTERPOLATION" source="#mixamorig_Hips-Interpolations"/>
      </sampler>
      <channel source="#mixamorig_Hips-Matrix-animation-transform" target="mixamorig_Hips/matrix"/>
    </animation>
    <animation id="mixamorig_Spine-anim" name="mixamorig_Spine">
      <source id="mixamorig_Spine-Matrix-animation-input">
        <float_array id="mixamorig_Spine-Matrix-animation-input-array" count="77">

0.000000 0.033333 0.066667 0.100000 0.133333 0.166667 0.200000 0.233333 0.266667 0.300000 0.333333 0.366667 0.400000 0.433333 0.466667 0.500000
0.533333 0.566667 0.600000 0.633333 0.666667 0.700000 0.733333 0.766667 0.800000 0.833333 0.866667 0.900000 0.933333 0.966667 1.000000 1.033333
1.066667 1.100000 1.133333 1.166667 1.200000 1.233333 1.266667 1.300000 1.333333 1.366667 1.400000 1.433333 1.466667 1.500000 1.533333 1.566667
1.600000 1.633333 1.666667 1.700000 1.733333 1.766667 1.800000 1.833333 1.866667 1.900000 1.933333 1.966667 2.000000 2.033333 2.066667 2.100000
2.133333 2.166667 2.200000 2.233333 2.266667 2.300000 2.333333 2.366667 2.400000 2.433333 2.466667 2.500000 2.533333</float_array>
        <technique_common>
          <accessor source="#mixamorig_Spine-Matrix-animation-input-array" count="77">
            <param name="TIME" type="float"/>
          </accessor>
        </technique_common>
      </source>
      <source id="mixamorig_Spine-Matrix-animation-output-transform">
        <float_array id="mixamorig_Spine-Matrix-animation-output-transform-array" count="1232">

0.989702 -0.138425 0.036442 0.000000 0.142982 0.968048 -0.206009 13.784800 -0.006761 0.209098 0.977871 0.064400 0.000000 0.000000 0.000000 1.000000
0.991058 -0.113601 0.069992 -0.000000 0.125960 0.969584 -0.209858 13.784800 -0.044024 0.216797 0.975223 0.064400 0.000000 0.000000 0.000000 1.000000
0.992774 -0.076747 0.092251 -0.000000 0.094149 0.974805 -0.202215 13.784800 -0.074407 0.209440 0.974986 0.064400 0.000000 0.000000 0.000000 1.000000
0.991460 -0.061049 0.115238 -0.000000 0.081040 0.980748 -0.177666 13.784800 -0.102173 0.185488 0.977320 0.064400 0.000000 0.000000 0.000000 1.000000
0.992082 -0.044351 0.117504 -0.000000 0.061746 0.986937 -0.148806 13.784800 -0.109369 0.154883 0.981860 0.064400 0.000000 0.000000 0.000000 1.000000
0.994719 -0.012655 0.101851 0.000000 0.024569 0.992877 -0.116581 13.784800 -0.099650 0.118467 0.987945 0.064400 0.000000 0.000000 0.000000 1.000000
0.994229 0.022308 0.104934 0.000000 -0.014559 0.997149 -0.074037 13.784800 -0.106287 0.072082 0.991719 0.064400 0.000000 0.000000 0.000000 1.000000
0.992202 0.054826 0.111931 -0.000000 -0.051205 0.998076 -0.034974 13.784800 -0.113634 0.028970 0.993100 0.064400 0.000000 0.000000 0.000000 1.000000
0.991172 0.071785 0.111469 0.000000 -0.071986 0.997403 -0.002231 13.784800 -0.111340 -0.005813 0.993765 0.064400 0.000000 0.000000 0.000000 1.000000
0.993704 0.060766 0.094127 -0.000000 -0.063925 0.997476 0.030912 13.784800 -0.092011 -0.036734 0.995080 0.064400 0.000000 0.000000 0.000000 1.000000
0.997825 0.029013 0.059194 -0.000000 -0.032598 0.997634 0.060534 13.784800 -0.057298 -0.062332 0.996409 0.064400 0.000000 0.000000 0.000000 1.000000
0.999681 -0.004265 0.024889 0.000000 0.002359 0.997097 0.076109 13.784800 -0.025141 -0.076026 0.996789 0.064400 0.000000 0.000000 0.000000 1.000000
0.999581 -0.028017 0.007306 0.000000 0.027393 0.996821 0.074819 13.784800 -0.009379 -0.074588 0.997170 0.064400 0.000000 0.000000 0.000000 1.000000
0.998706 -0.049903 -0.009775 0.000000 0.050442 0.996529 0.066219 13.784800 0.006437 -0.066627 0.997757 0.064400 0.000000 0.000000 0.000000 1.000000
0.998477 -0.050393 -0.022435 0.000000 0.051729 0.996635 0.063589 13.784800 0.019155 -0.064653 0.997724 0.064400 0.000000 0.000000 0.000000 1.000000
0.999324 -0.025101 -0.026865 0.000000 0.026825 0.997467 0.065872 13.784800 0.025144 -0.066548 0.997466 0.064400 0.000000 0.000000 0.000000 1.000000
0.999669 0.010285 -0.023582 0.000000 -0.008790 0.997997 0.062651 13.784800 0.024179 -0.062423 0.997757 0.064400 0.000000 0.000000 0.000000 1.000000
0.999385 0.028501 -0.020437 0.000000 -0.027502 0.998489 0.047577 13.784800 0.021762 -0.046986 0.998658 0.064400 0.000000 0.000000 0.000000 1.000000
0.999455 0.026801 -0.019257 0.000000 -0.026232 0.999228 0.029229 13.784800 0.020026 -0.028708 0.999387 0.064400 0.000000 0.000000 0.000000 1.000000
0.999703 0.016810 -0.017658 -0.000000 -0.016507 0.999717 0.017119 13.784800 0.017941 -0.016823 0.999698 0.064400 0.000000 0.000000 0.000000 1.000000
0.999866 0.004510 -0.015721 0.000000 -0.004320 0.999918 0.012059 13.784800 0.015774 -0.011990 0.999804 0.064400 0.000000 0.000000 0.000000 1.000000
0.999954 0.003041 -0.009057 0.000000 -0.002968 0.999963 0.008043 13.784800 0.009081 -0.008016 0.999927 0.064400 0.000000 0.000000 0.000000 1.000000
0.999771 0.021071 0.003715 0.000000 -0.021084 0.999772 0.003500 13.784800 -0.003641 -0.003578 0.999987 0.064400 0.000000 0.000000 0.000000 1.000000
0.999495 0.030791 0.007828 0.000000 -0.030793 0.999526 0.000194 13.784800 -0.007819 -0.000435 0.999969 0.064400 0.000000 0.000000 0.000000 1.000000
0.999673 0.023261 0.010653 0.000000 -0.023313 0.999717 0.004768 13.784800 -0.010539 -0.005014 0.999932 0.064400 0.000000 0.000000 0.000000 1.000000
0.999802 0.009022 0.017754 0.000000 -0.009276 0.999855 0.014258 13.784800 -0.017622 -0.014419 0.999741 0.064400 0.000000 0.000000 0.000000 1.000000
0.999758 0.003877 0.021651 0.000000 -0.004257 0.999837 0.017571 13.784800 -0.021580 -0.017659 0.999611 0.064400 0.000000 0.000000 0.000000 1.000000
0.999982 0.003631 0.004735 0.000000 -0.003663 0.999970 0.006837 13.784800 -0.004710 -0.006854 0.999965 0.064400 0.000000 0.000000 0.000000 1.000000
0.999696 0.002198 -0.024576 0.000000 -0.002346 0.999979 -0.005993 13.784800 0.024562 0.006049 0.999680 0.064400 0.000000 0.000000 0.000000 1.000000
0.999392 0.006786 -0.034190 0.000000 -0.006638 0.999968 0.004434 13.784800 0.034219 -0.004204 0.999406 0.064400 0.000000 0.000000 0.000000 1.000000
0.999814 0.009612 -0.016739 -0.000000 -0.008609 0.998220 0.059013 13.784800 0.017277 -0.058858 0.998117 0.064400 0.000000 0.000000 0.000000 1.000000
0.999997 0.001816 0.001717 -0.000000 -0.002021 0.991775 0.127977 13.784800 -0.001471 -0.127980 0.991776 0.064400 0.000000 0.000000 0.000000 1.000000
0.999928 -0.010785 0.005169 0.000000 0.010001 0.991051 0.133108 13.784800 -0.006558 -0.133047 0.991088 0.064400 0.000000 0.000000 0.000000 1.000000
0.999920 -0.011318 -0.005677 0.000000 0.011733 0.996776 0.079371 13.784800 0.004761 -0.079431 0.996829 0.064400 0.000000 0.000000 0.000000 1.000000
0.999757 -0.009706 -0.019804 0.000000 0.010704 0.998645 0.050924 13.784800 0.019283 -0.051123 0.998506 0.064400 0.000000 0.000000 0.000000 1.000000
0.999523 -0.008692 -0.029621 0.000000 0.011263 0.996075 0.087794 13.784800 0.028741 -0.088086 0.995698 0.064400 0.000000 0.000000 0.000000 1.000000
0.999168 -0.000980 -0.040776 0.000000 0.007362 0.987624 0.156667 13.784800 0.040118 -0.156837 0.986809 0.064400 0.000000 0.000000 0.000000 1.000000
0.998702 0.004135 -0.050772 0.000000 0.005916 0.980541 0.196226 13.784800 0.050595 -0.196271 0.979243 0.064400 0.000000 0.000000 0.000000 1.000000
0.998674 -0.008461 -0.050787 0.000000 0.017559 0.983240 0.181466 13.784800 0.048400 -0.182117 0.982085 0.064400 0.000000 0.000000 0.000000 1.000000
0.998549 -0.030279 -0.044526 0.000000 0.036387 0.988984 0.143481 13.784800 0.039691 -0.144893 0.988651 0.064400 0.000000 0.000000 0.000000 1.000000
0.998464 -0.040209 -0.038123 0.000000 0.044626 0.991385 0.123141 13.784800 0.032843 -0.124653 0.991657 0.064400 0.000000 0.000000 0.000000 1.000000
0.998749 -0.037561 -0.032997 0.000000 0.041401 0.991336 0.124657 13.784800 0.028028 -0.125867 0.991651 0.064400 0.000000 0.000000 0.000000 1.000000
0.999097 -0.032467 -0.027420 0.000000 0.035785 0.990769 0.130755 13.784800 0.022922 -0.131618 0.991035 0.064400 0.000000 0.000000 0.000000 1.000000
0.999368 -0.027519 -0.022504 0.000000 0.030283 0.990584 0.133516 13.784800 0.018618 -0.134113 0.990791 0.064400 0.000000 0.000000 0.000000 1.000000
0.999615 -0.019644 -0.019614 0.000000 0.022088 0.990820 0.133368 13.784800 0.016815 -0.133750 0.990872 0.064400 0.000000 0.000000 0.000000 1.000000
0.999818 -0.009190 -0.016719 0.000000 0.011288 0.991438 0.130086 13.784800 0.015380 -0.130251 0.991362 0.064400 0.000000 0.000000 0.000000 1.000000
0.999938 -0.000459 -0.011102 -0.000000 0.001814 0.992486 0.122346 13.784800 0.010963 -0.122359 0.992425 0.064400 0.000000 0.000000 0.000000 1.000000
0.999989 0.003859 -0.002709 0.000000 -0.003537 0.993896 0.110267 13.784800 0.003118 -0.110256 0.993898 0.064400 0.000000 0.000000 0.000000 1.000000
0.999947 0.006516 0.007952 -0.000000 -0.007251 0.995333 0.096222 13.784800 -0.007288 -0.096274 0.995328 0.064400 0.000000 0.000000 0.000000 1.000000
0.999742 0.010689 0.020047 0.000000 -0.012277 0.996650 0.080863 13.784800 -0.019115 -0.081088 0.996524 0.064400 0.000000 0.000000 0.000000 1.000000
0.999407 0.015438 0.030782 0.000000 -0.017315 0.997946 0.061673 13.784800 -0.029767 -0.062170 0.997622 0.064400 0.000000 0.000000 0.000000 1.000000
0.999184 0.015652 0.037242 0.000000 -0.017034 0.999167 0.037094 13.784800 -0.036631 -0.037698 0.998618 0.064400 0.000000 0.000000 0.000000 1.000000
0.999087 0.013761 0.040433 0.000000 -0.014152 0.999856 0.009394 13.784800 -0.040298 -0.009958 0.999138 0.064400 0.000000 0.000000 0.000000 1.000000
0.999106 0.013973 0.039892 -0.000000 -0.013251 0.999745 -0.018306 13.784800 -0.040138 0.017761 0.999036 0.064400 0.000000 0.000000 0.000000 1.000000
0.999313 0.013601 0.034464 -0.000000 -0.012149 0.999044 -0.041989 13.784800 -0.035002 0.041542 0.998523 0.064400 0.000000 0.000000 0.000000 1.000000
0.999700 0.000962 0.024478 -0.000000 0.000440 0.998362 -0.057214 13.784800 -0.024493 0.057208 0.998062 0.064400 0.000000 0.000000 0.000000 1.000000
0.999935 -0.004444 0.010527 0.000000 0.005094 0.998027 -0.062573 13.784800 -0.010228 0.062622 0.997985 0.064400 0.000000 0.000000 0.000000 1.000000
0.999981 0.005482 -0.002820 -0.000000 -0.005640 0.998222 -0.059342 13.784800 0.002490 0.059357 0.998234 0.064400 0.000000 0.000000 0.000000 1.000000
0.999670 0.022733 -0.011928 -0.000000 -0.023333 0.998331 -0.052820 13.784800 0.010707 0.053080 0.998533 0.064400 0.000000 0.000000 0.000000 1.000000
0.999377 0.030639 -0.017532 -0.000000 -0.031481 0.998257 -0.049921 13.784800 0.015972 0.050441 0.998599 0.064400 0.000000 0.000000 0.000000 1.000000
0.999465 0.024755 -0.021362 0.000000 -0.025911 0.998112 -0.055687 13.784800 0.019943 0.056210 0.998220 0.064400 0.000000 0.000000 0.000000 1.000000
0.999600 0.016924 -0.022674 -0.000000 -0.018492 0.997320 -0.070786 13.784800 0.021415 0.071177 0.997234 0.064400 0.000000 0.000000 0.000000 1.000000
0.999666 0.015492 -0.020680 -0.000000 -0.017305 0.995741 -0.090555 13.784800 0.019189 0.090883 0.995677 0.064400 0.000000 0.000000 0.000000 1.000000
0.999682 0.019626 -0.015825 0.000000 -0.021246 0.993737 -0.109706 13.784800 0.013573 0.110008 0.993838 0.064400 0.000000 0.000000 0.000000 1.000000
0.999711 0.022087 -0.009494 -0.000000 -0.023111 0.991696 -0.126512 13.784800 0.006621 0.126694 0.991920 0.064400 0.000000 0.000000 0.000000 1.000000
0.999891 0.014437 -0.003138 -0.000000 -0.014734 0.990134 -0.139345 13.784800 0.001096 0.139376 0.990239 0.064400 0.000000 0.000000 0.000000 1.000000
0.999980 0.005207 0.003603 0.000000 -0.004636 0.989628 -0.143580 13.784800 -0.004313 0.143560 0.989632 0.064400 0.000000 0.000000 0.000000 1.000000
0.999929 0.004881 0.010848 -0.000000 -0.003371 0.990820 -0.135146 13.784800 -0.011408 0.135100 0.990766 0.064400 0.000000 0.000000 0.000000 1.000000
0.999735 0.015548 0.016957 -0.000000 -0.013471 0.993113 -0.116381 13.784800 -0.018649 0.116121 0.993060 0.064400 0.000000 0.000000 0.000000 1.000000
0.999351 0.030033 0.019912 0.000000 -0.027985 0.994972 -0.096169 13.784800 -0.022700 0.095549 0.995166 0.064400 0.000000 0.000000 0.000000 1.000000
0.999139 0.035980 0.020660 0.000000 -0.034231 0.996244 -0.079536 13.784800 -0.023444 0.078760 0.996618 0.064400 0.000000 0.000000 0.000000 1.000000
0.999247 0.032463 0.021255 -0.000000 -0.031013 0.997382 -0.065331 13.784800 -0.023320 0.064623 0.997637 0.064400 0.000000 0.000000 0.000000 1.000000
0.999379 0.027805 0.021654 0.000000 -0.026605 0.998193 -0.053878 13.784800 -0.023113 0.053268 0.998313 0.064400 0.000000 0.000000 0.000000 1.000000
0.999436 0.025516 0.021832 0.000000 -0.024454 0.998566 -0.047617 13.784800 -0.023015 0.047056 0.998627 0.064400 0.000000 0.000000 0.000000 1.000000
0.999454 0.023987 0.022744 -0.000000 -0.022902 0.998640 -0.046833 13.784800 -0.023837 0.046286 0.998644 0.064400 0.000000 0.000000 0.000000 1.000000
0.999423 0.023437 0.024572 -0.000000 -0.022198 0.998525 -0.049542 13.784800 -0.025697 0.048968 0.998470 0.064400 0.000000 0.000000 0.000000 1.000000
0.999348 0.024943 0.026091 0.000000 -0.023492 0.998237 -0.054510 13.784800 -0.027404 0.053862 0.998172 0.064400 0.000000 0.000000 0.000000 1.000000</float_array>
        <technique_common>
          <accessor source="#mixamorig_Spine-Matrix-animation-output-transform-array" count="77" stride="16">
            <param type="float4x4"/>
          </accessor>
        </technique_common>
      </source>
      <source id="mixamorig_Spine-Interpolations">
        <Name_array id="mixamorig_Spine-Interpolations-array" count="77">
 LINEAR LINEAR LINEAR LINEAR LINEAR LINEAR LINEAR LINEAR LINEAR LINEAR LINEAR
LINEAR LINEAR LINEAR LINEAR LINEAR LINEAR LINEAR LINEAR LINEAR LINEAR LINEAR LINEAR
LINEAR LINEAR LINEAR LINEAR LINEAR LINEAR LINEAR LINEAR LINEAR LINEAR LINEAR LINEAR
LINEAR LINEAR LINEAR LINEAR LINEAR LINEAR LINEAR LINEAR LINEAR LINEAR LINEAR LINEAR
LINEAR LINEAR LINEAR LINEAR LINEAR LINEAR LINEAR LINEAR LINEAR LINEAR LINEAR LINEAR
LINEAR LINEAR LINEAR LINEAR LINEAR LINEAR LINEAR LINEAR LINEAR LINEAR LINEAR LINEAR
LINEAR LINEAR LINEAR LINEAR LINEAR LINEAR</Name_array>
        <technique_common>
          <accessor source="#mixamorig_Spine-Interpolations-array" count="77">
            <param type="name"/>
          </accessor>
        </technique_common>
      </source>
      <sampler id="mixamorig_Spine-Matrix-animation-transform">
        <input semantic="INPUT" source="#mixamorig_Spine-Matrix-animation-input"/>
        <input semantic="OUTPUT" source="#mixamorig_Spine-Matrix-animation-output-transform"/>
        <input semantic="INTERPOLATION" source="#mixamorig_Spine-Interpolations"/>
      </sampler>
      <channel source="#mixamorig_Spine-Matrix-animation-transform" target="mixamorig_Spine/matrix"/>
    </animation>
    <animation id="mixamorig_Spine1-anim" name="mixamorig_Spine1">
      <source id="mixamorig_Spine1-Matrix-animation-input">
        <float_array id="mixamorig_Spine1-Matrix-animation-input-array" count="77">

0.000000 0.033333 0.066667 0.100000 0.133333 0.166667 0.200000 0.233333 0.266667 0.300000 0.333333 0.366667 0.400000 0.433333 0.466667 0.500000
0.533333 0.566667 0.600000 0.633333 0.666667 0.700000 0.733333 0.766667 0.800000 0.833333 0.866667 0.900000 0.933333 0.966667 1.000000 1.033333
1.066667 1.100000 1.133333 1.166667 1.200000 1.233333 1.266667 1.300000 1.333333 1.366667 1.400000 1.433333 1.466667 1.500000 1.533333 1.566667
1.600000 1.633333 1.666667 1.700000 1.733333 1.766667 1.800000 1.833333 1.866667 1.900000 1.933333 1.966667 2.000000 2.033333 2.066667 2.100000
2.133333 2.166667 2.200000 2.233333 2.266667 2.300000 2.333333 2.366667 2.400000 2.433333 2.466667 2.500000 2.533333</float_array>
        <technique_common>
          <accessor source="#mixamorig_Spine1-Matrix-animation-input-array" count="77">
            <param name="TIME" type="float"/>
          </accessor>
        </technique_common>
      </source>
      <source id="mixamorig_Spine1-Matrix-animation-output-transform">
        <float_array id="mixamorig_Spine1-Matrix-animation-output-transform-array" count="1232">

0.999960 -0.008892 -0.000606 0.000000 0.008873 0.999628 -0.025794 12.024300 0.000835 0.025788 0.999667 0.000000 0.000000 0.000000 0.000000 1.000000
0.999974 -0.005184 0.004980 0.000000 0.005362 0.999323 -0.036391 12.024300 -0.004788 0.036417 0.999325 0.000000 0.000000 0.000000 0.000000 1.000000
0.999974 0.002283 0.006904 0.000000 -0.002004 0.999191 -0.040173 12.024300 -0.006991 0.040158 0.999169 0.000000 0.000000 0.000000 0.000000 1.000000
0.999918 0.006825 0.010808 -0.000000 -0.006469 0.999447 -0.032632 12.024300 -0.011024 0.032559 0.999409 0.000000 0.000000 0.000000 0.000000 1.000000
0.999783 0.008545 0.018979 -0.000000 -0.008058 0.999640 -0.025596 12.024300 -0.019191 0.025438 0.999492 0.000000 0.000000 0.000000 0.000000 1.000000
0.999581 0.010197 0.027099 -0.000000 -0.009629 0.999733 -0.020985 12.024300 -0.027306 0.020715 0.999412 0.000000 0.000000 0.000000 0.000000 1.000000
0.999402 0.014561 0.031349 0.000000 -0.014261 0.999850 -0.009785 12.024300 -0.031487 0.009332 0.999461 0.000000 0.000000 0.000000 0.000000 1.000000
0.999166 0.020828 0.035135 0.000000 -0.020929 0.999778 0.002512 12.024300 -0.035075 -0.003245 0.999379 0.000000 0.000000 0.000000 0.000000 1.000000
0.998972 0.023128 0.038985 -0.000000 -0.023807 0.999571 0.017035 12.024300 -0.038574 -0.017946 0.999095 0.000000 0.000000 0.000000 0.000000 1.000000
0.999231 0.015576 0.035981 0.000000 -0.016790 0.999292 0.033671 12.024300 -0.035431 -0.034250 0.998785 0.000000 0.000000 0.000000 0.000000 1.000000
0.999734 0.002201 0.022961 0.000000 -0.003292 0.998863 0.047560 12.024300 -0.022830 -0.047623 0.998604 0.000000 0.000000 0.000000 0.000000 1.000000
0.999921 -0.009528 0.008161 0.000000 0.009073 0.998499 0.054020 12.024300 -0.008664 -0.053942 0.998506 0.000000 0.000000 0.000000 0.000000 1.000000
0.999863 -0.016558 0.000691 0.000000 0.016501 0.998531 0.051600 12.024300 -0.001545 -0.051582 0.998668 0.000000 0.000000 0.000000 0.000000 1.000000
0.999795 -0.020206 0.001604 0.000000 0.020119 0.998894 0.042506 12.024300 -0.002461 -0.042465 0.999095 0.000000 0.000000 0.000000 0.000000 1.000000
0.999832 -0.017883 0.003903 0.000000 0.017739 0.999255 0.034262 12.024300 -0.004513 -0.034187 0.999405 0.000000 0.000000 0.000000 0.000000 1.000000
0.999968 -0.007936 0.000962 0.000000 0.007904 0.999511 0.030267 12.024300 -0.001202 -0.030259 0.999541 0.000000 0.000000 0.000000 0.000000 1.000000
0.999966 0.002671 -0.007791 0.000000 -0.002456 0.999622 0.027401 12.024300 0.007862 -0.027381 0.999594 0.000000 0.000000 0.000000 0.000000 1.000000
0.999847 0.005582 -0.016573 0.000000 -0.005219 0.999747 0.021886 12.024300 0.016691 -0.021796 0.999623 0.000000 0.000000 0.000000 0.000000 1.000000
0.999824 0.002908 -0.018521 0.000000 -0.002613 0.999870 0.015932 12.024300 0.018565 -0.015881 0.999702 0.000000 0.000000 0.000000 0.000000 1.000000
0.999918 0.000015 -0.012822 0.000000 0.000141 0.999926 0.012185 12.024300 0.012821 -0.012186 0.999844 0.000000 0.000000 0.000000 0.000000 1.000000
0.999985 -0.002453 -0.004894 0.000000 0.002511 0.999926 0.011942 12.024300 0.004864 -0.011954 0.999917 0.000000 0.000000 0.000000 0.000000 1.000000
0.999995 -0.003160 -0.000204 -0.000000 0.003162 0.999906 0.013321 12.024300 0.000162 -0.013322 0.999911 0.000000 0.000000 0.000000 0.000000 1.000000
1.000000 0.000868 0.000047 0.000000 -0.000869 0.999876 0.015744 12.024300 -0.000033 -0.015744 0.999876 0.000000 0.000000 0.000000 0.000000 1.000000
0.999992 0.003933 0.000509 -0.000000 -0.003941 0.999852 0.016766 12.024300 -0.000443 -0.016768 0.999859 0.000000 0.000000 0.000000 0.000000 1.000000
0.999974 0.002112 0.006895 0.000000 -0.002239 0.999825 0.018552 12.024300 -0.006854 -0.018567 0.999804 0.000000 0.000000 0.000000 0.000000 1.000000
0.999861 -0.002138 0.016527 0.000000 0.001801 0.999791 0.020354 12.024300 -0.016567 -0.020321 0.999656 0.000000 0.000000 0.000000 0.000000 1.000000
0.999785 -0.004881 0.020133 0.000000 0.004498 0.999808 0.019055 12.024300 -0.020222 -0.018960 0.999616 -0.000000 0.000000 0.000000 0.000000 1.000000
0.999908 -0.006570 0.011874 0.000000 0.006453 0.999931 0.009837 12.024300 -0.011938 -0.009759 0.999881 0.000000 0.000000 0.000000 0.000000 1.000000
0.999967 -0.007770 -0.002325 -0.000000 0.007767 0.999969 -0.001431 12.024300 0.002336 0.001413 0.999996 -0.000000 0.000000 0.000000 0.000000 1.000000
0.999950 -0.008044 -0.005919 0.000000 0.008053 0.999966 0.001504 12.024300 0.005906 -0.001552 0.999981 0.000000 0.000000 0.000000 0.000000 1.000000
0.999946 -0.010358 -0.000248 0.000000 0.010361 0.999403 0.032945 12.024300 -0.000094 -0.032946 0.999457 0.000000 0.000000 0.000000 0.000000 1.000000
0.999920 -0.012360 0.002834 0.000000 0.012095 0.996763 0.079485 12.024300 -0.003808 -0.079444 0.996832 0.000000 0.000000 0.000000 0.000000 1.000000
0.999849 -0.016134 0.006395 -0.000000 0.015468 0.995526 0.093212 12.024300 -0.007870 -0.093099 0.995626 0.000000 0.000000 0.000000 0.000000 1.000000
0.999888 -0.014796 0.002314 -0.000000 0.014606 0.997608 0.067567 12.024300 -0.003308 -0.067526 0.997712 0.000000 0.000000 0.000000 0.000000 1.000000
0.999911 -0.012756 -0.003935 0.000000 0.012933 0.998717 0.048963 12.024300 0.003306 -0.049009 0.998793 -0.000000 0.000000 0.000000 0.000000 1.000000
0.999880 -0.012713 -0.008905 0.000000 0.013259 0.997849 0.064198 12.024300 0.008070 -0.064308 0.997897 0.000000 0.000000 0.000000 0.000000 1.000000
0.999825 -0.009083 -0.016332 0.000000 0.010652 0.995061 0.098690 12.024300 0.015355 -0.098846 0.994984 -0.000000 0.000000 0.000000 0.000000 1.000000
0.999704 -0.004753 -0.023878 0.000000 0.007541 0.992977 0.118069 12.024300 0.023149 -0.118214 0.992718 0.000000 0.000000 0.000000 0.000000 1.000000
0.999651 -0.009127 -0.024796 0.000000 0.011736 0.994166 0.107222 12.024300 0.023673 -0.107475 0.993926 0.000000 0.000000 0.000000 0.000000 1.000000
0.999584 -0.019685 -0.021064 -0.000000 0.021380 0.996275 0.083542 12.024300 0.019341 -0.083957 0.996282 0.000000 0.000000 0.000000 0.000000 1.000000
0.999524 -0.025220 -0.017778 0.000000 0.026410 0.997184 0.070190 12.024300 0.015958 -0.070626 0.997375 0.000000 0.000000 0.000000 0.000000 1.000000
0.999622 -0.023465 -0.014320 -0.000000 0.024407 0.997273 0.069649 12.024300 0.012647 -0.069973 0.997469 0.000000 0.000000 0.000000 0.000000 1.000000
0.999771 -0.019348 -0.009193 0.000000 0.019960 0.997209 0.071945 12.024300 0.007776 -0.072112 0.997366 0.000000 0.000000 0.000000 0.000000 1.000000
0.999872 -0.015277 -0.004777 0.000000 0.015585 0.997211 0.072993 12.024300 0.003649 -0.073058 0.997321 0.000000 0.000000 0.000000 0.000000 1.000000
0.999940 -0.010449 -0.003362 0.000000 0.010668 0.997233 0.073567 12.024300 0.002584 -0.073598 0.997285 0.000000 0.000000 0.000000 0.000000 1.000000
0.999983 -0.004915 -0.003071 0.000000 0.005128 0.997277 0.073573 12.024300 0.002701 -0.073587 0.997285 0.000000 0.000000 0.000000 0.000000 1.000000
1.000000 -0.000490 -0.000743 -0.000000 0.000542 0.997425 0.071709 12.024300 0.000706 -0.071709 0.997425 0.000000 0.000000 0.000000 0.000000 1.000000
0.999990 0.001853 0.004035 0.000000 -0.002121 0.997722 0.067426 12.024300 -0.003901 -0.067434 0.997716 -0.000000 0.000000 0.000000 0.000000 1.000000
0.999944 0.003407 0.010028 0.000000 -0.004022 0.998074 0.061899 12.024300 -0.009797 -0.061936 0.998032 0.000000 0.000000 0.000000 0.000000 1.000000
0.999850 0.005360 0.016484 0.000000 -0.006266 0.998446 0.055377 12.024300 -0.016161 -0.055472 0.998329 0.000000 0.000000 0.000000 0.000000 1.000000
0.999717 0.007630 0.022515 0.000000 -0.008665 0.998893 0.046227 12.024300 -0.022137 -0.046409 0.998677 0.000000 0.000000 0.000000 0.000000 1.000000
0.999595 0.009202 0.026930 0.000000 -0.010101 0.999389 0.033454 12.024300 -0.026606 -0.033712 0.999077 0.000000 0.000000 0.000000 0.000000 1.000000
0.999538 0.011165 0.028260 0.000000 -0.011712 0.999746 0.019273 12.024300 -0.028038 -0.019595 0.999415 -0.000000 0.000000 0.000000 0.000000 1.000000
0.999561 0.012183 0.026994 0.000000 -0.012331 0.999910 0.005327 12.024300 -0.026926 -0.005658 0.999621 -0.000000 0.000000 0.000000 0.000000 1.000000
0.999651 0.011484 0.023782 -0.000000 -0.011326 0.999913 -0.006783 12.024300 -0.023858 0.006511 0.999694 0.000000 0.000000 0.000000 0.000000 1.000000
0.999790 0.008395 0.018670 0.000000 -0.008109 0.999849 -0.015350 12.024300 -0.018796 0.015195 0.999708 -0.000000 0.000000 0.000000 0.000000 1.000000
0.999904 0.008012 0.011264 -0.000000 -0.007796 0.999787 -0.019133 12.024300 -0.011415 0.019043 0.999753 0.000000 0.000000 0.000000 0.000000 1.000000
0.999924 0.011800 0.003572 0.000000 -0.011732 0.999760 -0.018481 12.024300 -0.003789 0.018438 0.999823 -0.000000 0.000000 0.000000 0.000000 1.000000
0.999870 0.015979 -0.002049 0.000000 -0.016011 0.999732 -0.016733 12.024300 0.001781 0.016764 0.999858 0.000000 0.000000 0.000000 0.000000 1.000000
0.999841 0.017143 -0.004919 -0.000000 -0.017227 0.999698 -0.017498 12.024300 0.004617 0.017580 0.999835 0.000000 0.000000 0.000000 0.000000 1.000000
0.999870 0.015195 -0.005340 -0.000000 -0.015311 0.999631 -0.022446 12.024300 0.004997 0.022525 0.999734 0.000000 0.000000 0.000000 0.000000 1.000000
0.999910 0.012648 -0.004418 0.000000 -0.012780 0.999432 -0.031187 12.024300 0.004021 0.031241 0.999504 0.000000 0.000000 0.000000 0.000000 1.000000
