<?xml version="1.0" encoding="utf-8"?>
<COLLADA xmlns="http://www.collada.org/2005/11/COLLADASchema" version="1.4.1">
  <asset>
    <contributor>
      <author>Mixamo</author>
      <authoring_tool>COLLADA Mixamo exporter</authoring_tool>
      <comments/>
    </contributor>
    <created>2025-04-13T07:25:00Z</created>
    <modified>2025-04-13T07:25:00Z</modified>
    <revision/>
    <title/>
    <unit meter="0.010000"/>
    <up_axis>Y_UP</up_axis>
  </asset>
  <library_animations>
    <animation id="mixamorig_Hips-anim" name="mixamorig_Hips">
      <source id="mixamorig_Hips-Matrix-animation-input">
        <float_array id="mixamorig_Hips-Matrix-animation-input-array" count="31">

0.000000 0.033333 0.066667 0.100000 0.133333 0.166667 0.200000 0.233333 0.266667 0.300000 0.333333 0.366667 0.400000 0.433333 0.466667 0.500000
0.533333 0.566667 0.600000 0.633333 0.666667 0.700000 0.733333 0.766667 0.800000 0.833333 0.866667 0.900000 0.933333 0.966667 1.000000</float_array>
        <technique_common>
          <accessor source="#mixamorig_Hips-Matrix-animation-input-array" count="31">
            <param name="TIME" type="float"/>
          </accessor>
        </technique_common>
      </source>
      <source id="mixamorig_Hips-Matrix-animation-output-transform">
        <float_array id="mixamorig_Hips-Matrix-animation-output-transform-array" count="496">

0.993973 -0.058383 0.092780 3.781819 -0.108771 -0.420087 0.900941 50.653145 -0.013624 -0.905604 -0.423906 2.528838 0.000000 0.000000 0.000000 1.000000
0.986504 -0.101547 -0.128448 6.808807 0.069442 -0.450960 0.889839 52.348282 -0.148285 -0.886749 -0.437822 1.466735 0.000000 0.000000 0.000000 1.000000
0.934698 -0.131363 -0.330277 7.744250 0.244795 -0.435803 0.866113 51.752068 -0.257711 -0.890404 -0.375187 -0.919132 0.000000 0.000000 0.000000 1.000000
0.849302 -0.175549 -0.497864 8.320463 0.417211 -0.354633 0.836762 49.601063 -0.323452 -0.918378 -0.227950 -2.858758 0.000000 0.000000 0.000000 1.000000
0.749000 -0.253289 -0.612245 10.332503 0.575375 -0.209555 0.790589 47.181187 -0.328546 -0.944421 -0.011220 -5.748404 0.000000 0.000000 0.000000 1.000000
0.658166 -0.371709 -0.654714 13.120012 0.698756 -0.022152 0.715017 46.944557 -0.280281 -0.928085 0.245154 -8.230394 0.000000 0.000000 0.000000 1.000000
0.601885 -0.506402 -0.617488 16.634892 0.775977 0.188190 0.602034 47.948929 -0.188666 -0.841511 0.506225 -13.536861 0.000000 0.000000 0.000000 1.000000
0.594606 -0.625574 -0.505075 19.129517 0.799336 0.392257 0.455189 50.195934 -0.086636 -0.674383 0.733282 -19.774712 0.000000 0.000000 0.000000 1.000000
0.610207 -0.706551 -0.358376 20.807671 0.792087 0.553042 0.258344 50.982780 0.015664 -0.441509 0.897120 -26.145590 0.000000 0.000000 0.000000 1.000000
0.651046 -0.730562 -0.205956 21.273060 0.748529 0.662942 0.014599 50.023022 0.125871 -0.163669 0.978452 -33.849327 0.000000 0.000000 0.000000 1.000000
0.715851 -0.696221 -0.053231 19.125902 0.664310 0.702550 -0.255177 49.567917 0.215057 0.147307 0.965428 -42.501266 0.000000 0.000000 0.000000 1.000000
0.800420 -0.594938 0.073323 14.534021 0.540971 0.664233 -0.515892 51.841915 0.258221 0.452596 0.853510 -48.146233 0.000000 0.000000 0.000000 1.000000
0.886759 -0.447295 0.116553 9.280252 0.384907 0.574940 -0.722005 54.299122 0.255939 0.685106 0.682000 -50.550396 0.000000 0.000000 0.000000 1.000000
0.961283 -0.271955 0.044448 4.336905 0.177258 0.486753 -0.855366 55.691559 0.210986 0.830128 0.516114 -49.918816 0.000000 0.000000 0.000000 1.000000
0.987720 -0.092294 -0.126059 3.272846 -0.079100 0.400395 -0.912922 58.258820 0.134731 0.911683 0.388178 -48.241940 0.000000 0.000000 0.000000 1.000000
0.939161 0.070985 -0.336063 2.868491 -0.340649 0.317811 -0.884847 57.448402 0.043994 0.945493 0.322656 -49.325752 0.000000 0.000000 0.000000 1.000000
0.821443 0.225921 -0.523633 2.265463 -0.569261 0.269669 -0.776673 56.312420 -0.034259 0.936076 0.350126 -51.048866 0.000000 0.000000 0.000000 1.000000
0.661331 0.385654 -0.643360 1.467364 -0.747100 0.262101 -0.610856 54.003845 -0.066954 0.884632 0.461457 -51.712643 0.000000 0.000000 0.000000 1.000000
0.472073 0.547649 -0.690816 -2.100935 -0.880419 0.253044 -0.401037 49.769524 -0.044820 0.797527 0.601617 -50.089314 0.000000 0.000000 0.000000 1.000000
0.252215 0.705842 -0.661948 -6.102216 -0.967227 0.204619 -0.150344 45.528481 0.029328 0.678173 0.734317 -44.949974 0.000000 0.000000 0.000000 1.000000
0.090037 0.848482 -0.521509 -9.036437 -0.980784 0.166539 0.101626 42.447376 0.173079 0.502338 0.847172 -36.976200 0.000000 0.000000 0.000000 1.000000
0.090436 0.947502 -0.306695 -12.818064 -0.932437 0.188735 0.308125 41.675690 0.349833 0.258108 0.900554 -27.064264 0.000000 0.000000 0.000000 1.000000
0.127879 0.985659 -0.110104 -13.537361 -0.862352 0.165338 0.478553 39.029236 0.489895 0.033752 0.871128 -17.884167 0.000000 0.000000 0.000000 1.000000
0.192340 0.980556 0.038936 -13.503836 -0.799312 0.133523 0.585894 40.197914 0.569302 -0.143813 0.809452 -10.708966 0.000000 0.000000 0.000000 1.000000
0.275854 0.932963 0.231267 -11.473297 -0.740541 0.052895 0.669926 41.848858 0.612783 -0.356064 0.705489 -7.591401 0.000000 0.000000 0.000000 1.000000
0.389300 0.834741 0.389426 -9.619944 -0.670799 -0.032812 0.740913 43.312428 0.631248 -0.549664 0.547170 -4.851027 0.000000 0.000000 0.000000 1.000000
0.551012 0.706117 0.444729 -8.439562 -0.573846 -0.066313 0.816274 45.742474 0.605876 -0.704983 0.368663 -2.667365 0.000000 0.000000 0.000000 1.000000
0.705188 0.558266 0.437093 -6.652150 -0.456692 -0.113913 0.882301 48.867176 0.542349 -0.821805 0.174626 0.163223 0.000000 0.000000 0.000000 1.000000
0.839963 0.372657 0.394448 -4.971880 -0.337781 -0.209836 0.917536 50.498493 0.424695 -0.903934 -0.050378 1.015205 0.000000 0.000000 0.000000 1.000000
0.946266 0.153305 0.284742 -0.794543 -0.222675 -0.329630 0.917475 50.490673 0.234513 -0.931580 -0.277781 2.560265 0.000000 0.000000 0.000000 1.000000
0.993973 -0.058383 0.092780 3.781806 -0.108771 -0.420088 0.900941 50.653164 -0.013624 -0.905604 -0.423906 2.528847 0.000000 0.000000 0.000000 1.000000</float_array>
        <technique_common>
          <accessor source="#mixamorig_Hips-Matrix-animation-output-transform-array" count="31" stride="16">
            <param type="float4x4"/>
          </accessor>
        </technique_common>
      </source>
      <source id="mixamorig_Hips-Interpolations">
        <Name_array id="mixamorig_Hips-Interpolations-array" count="31">
 LINEAR LINEAR LINEAR LINEAR LINEAR LINEAR LINEAR LINEAR LINEAR LINEAR LINEAR
LINEAR LINEAR LINEAR LINEAR LINEAR LINEAR LINEAR LINEAR LINEAR LINEAR LINEAR LINEAR
LINEAR LINEAR LINEAR LINEAR LINEAR LINEAR LINEAR LINEAR</Name_array>
        <technique_common>
          <accessor source="#mixamorig_Hips-Interpolations-array" count="31">
            <param type="name"/>
          </accessor>
        </technique_common>
      </source>
      <sampler id="mixamorig_Hips-Matrix-animation-transform">
        <input semantic="INPUT" source="#mixamorig_Hips-Matrix-animation-input"/>
        <input semantic="OUTPUT" source="#mixamorig_Hips-Matrix-animation-output-transform"/>
        <input semantic="INTERPOLATION" source="#mixamorig_Hips-Interpolations"/>
      </sampler>
      <channel source="#mixamorig_Hips-Matrix-animation-transform" target="mixamorig_Hips/matrix"/>
    </animation>
    <animation id="mixamorig_Spine-anim" name="mixamorig_Spine">
      <source id="mixamorig_Spine-Matrix-animation-input">
        <float_array id="mixamorig_Spine-Matrix-animation-input-array" count="31">

0.000000 0.033333 0.066667 0.100000 0.133333 0.166667 0.200000 0.233333 0.266667 0.300000 0.333333 0.366667 0.400000 0.433333 0.466667 0.500000
0.533333 0.566667 0.600000 0.633333 0.666667 0.700000 0.733333 0.766667 0.800000 0.833333 0.866667 0.900000 0.933333 0.966667 1.000000</float_array>
        <technique_common>
          <accessor source="#mixamorig_Spine-Matrix-animation-input-array" count="31">
            <param name="TIME" type="float"/>
          </accessor>
        </technique_common>
      </source>
      <source id="mixamorig_Spine-Matrix-animation-output-transform">
        <float_array id="mixamorig_Spine-Matrix-animation-output-transform-array" count="496">

0.989471 0.027181 -0.142159 0.000000 -0.132875 0.559972 -0.817787 13.784800 0.057376 0.828065 0.557688 0.064400 0.000000 0.000000 0.000000 1.000000
0.985921 0.125340 -0.110674 0.000000 -0.159052 0.498780 -0.852010 13.784800 -0.051589 0.857618 0.511693 0.064400 0.000000 0.000000 0.000000 1.000000
0.981364 0.174820 -0.079771 0.000000 -0.152540 0.456267 -0.876671 13.784800 -0.116862 0.872501 0.474431 0.064400 0.000000 0.000000 0.000000 1.000000
0.980777 0.183195 -0.067203 0.000000 -0.144071 0.447553 -0.882576 13.784800 -0.131607 0.875292 0.465343 0.064400 0.000000 0.000000 0.000000 1.000000
0.983112 0.166895 -0.075084 -0.000000 -0.146731 0.473656 -0.868401 13.784800 -0.109368 0.864752 0.490145 0.064400 0.000000 0.000000 0.000000 1.000000
0.985784 0.138609 -0.094961 0.000000 -0.154115 0.520831 -0.839633 13.784800 -0.066922 0.842332 0.534788 0.064400 0.000000 0.000000 0.000000 1.000000
0.990399 0.089337 -0.105493 0.000000 -0.137724 0.571866 -0.808703 13.784800 -0.011920 0.815468 0.578680 0.064400 0.000000 0.000000 0.000000 1.000000
0.993082 0.007106 -0.117204 0.000000 -0.097550 0.605504 -0.789841 13.784800 0.065355 0.795810 0.602009 0.064400 0.000000 0.000000 0.000000 1.000000
0.987976 -0.068065 -0.138822 0.000000 -0.069036 0.609199 -0.790007 13.784800 0.138342 0.790091 0.597175 0.064400 0.000000 0.000000 0.000000 1.000000
0.981341 -0.111336 -0.156763 0.000000 -0.060102 0.596828 -0.800115 13.784800 0.182642 0.794607 0.579000 0.064400 0.000000 0.000000 0.000000 1.000000
0.979616 -0.115707 -0.164211 0.000000 -0.064111 0.594622 -0.801445 13.784800 0.190376 0.795636 0.575083 0.064400 0.000000 0.000000 0.000000 1.000000
0.984077 -0.097130 -0.148858 0.000000 -0.061090 0.601639 -0.796428 13.784800 0.166916 0.792840 0.586126 0.064400 0.000000 0.000000 0.000000 1.000000
0.989315 -0.064932 -0.130536 -0.000000 -0.066199 0.597664 -0.799009 13.784800 0.129898 0.799113 0.586979 0.064400 0.000000 0.000000 0.000000 1.000000
0.994185 -0.034722 -0.101936 -0.000000 -0.062457 0.585202 -0.808478 13.784800 0.087725 0.810144 0.579631 0.064400 0.000000 0.000000 0.000000 1.000000
0.999283 0.001182 -0.037832 0.000000 -0.031027 0.598066 -0.800846 13.784800 0.021680 0.801446 0.597674 0.064400 0.000000 0.000000 0.000000 1.000000
0.997578 0.042107 0.055358 -0.000000 0.015493 0.641398 -0.767052 13.784800 -0.067805 0.766052 0.639192 0.064400 0.000000 0.000000 0.000000 1.000000
0.987427 0.066397 0.143453 -0.000000 0.061519 0.674542 -0.735669 13.784800 -0.145611 0.735244 0.661977 0.064400 0.000000 0.000000 0.000000 1.000000
0.980830 0.057927 0.186056 -0.000000 0.100003 0.669845 -0.735736 13.784800 -0.167247 0.740238 0.651211 0.064400 0.000000 0.000000 0.000000 1.000000
0.983516 0.037190 0.176956 0.000000 0.112492 0.640348 -0.759803 13.784800 -0.141570 0.767184 0.625608 0.064400 0.000000 0.000000 0.000000 1.000000
0.987962 0.032380 0.151270 -0.000000 0.099047 0.618730 -0.779335 13.784800 -0.118830 0.784936 0.608075 0.064400 0.000000 0.000000 0.000000 1.000000
0.990866 0.036762 0.129743 0.000000 0.079092 0.620828 -0.779947 13.784800 -0.109220 0.783085 0.612249 0.064400 0.000000 0.000000 0.000000 1.000000
0.995548 0.022476 0.091532 0.000000 0.056089 0.639186 -0.767004 13.784800 -0.075745 0.768724 0.635080 0.064400 0.000000 0.000000 0.000000 1.000000
0.998761 -0.015009 0.047438 0.000000 0.045561 0.659048 -0.750720 13.784800 -0.019996 0.751951 0.658915 0.064400 0.000000 0.000000 0.000000 1.000000
0.997709 -0.062200 -0.026616 0.000000 0.021769 0.667624 -0.744180 13.784800 0.064057 0.741895 0.667449 0.064400 0.000000 0.000000 0.000000 1.000000
0.992083 -0.096394 -0.080495 0.000000 0.003481 0.661827 -0.749648 13.784800 0.125535 0.743433 0.656923 0.064400 0.000000 0.000000 0.000000 1.000000
0.988810 -0.114168 -0.096023 0.000000 0.000990 0.648679 -0.761061 13.784800 0.149177 0.752450 0.641533 0.064400 0.000000 0.000000 0.000000 1.000000
0.987327 -0.124431 -0.098499 0.000000 0.003529 0.637732 -0.770250 13.784800 0.158659 0.760141 0.630089 0.064400 0.000000 0.000000 0.000000 1.000000
0.984922 -0.127436 -0.117001 0.000000 -0.011029 0.628674 -0.777590 13.784800 0.172648 0.767156 0.617790 0.064400 0.000000 0.000000 0.000000 1.000000
0.982247 -0.108418 -0.153088 0.000000 -0.054882 0.614281 -0.787176 13.784800 0.179383 0.781603 0.597426 0.064400 0.000000 0.000000 0.000000 1.000000
0.983961 -0.058082 -0.168665 -0.000000 -0.102419 0.590195 -0.800737 13.784800 0.146054 0.805169 0.574780 0.064400 0.000000 0.000000 0.000000 1.000000
0.989471 0.027181 -0.142159 -0.000000 -0.132875 0.559972 -0.817787 13.784800 0.057376 0.828065 0.557688 0.064400 0.000000 0.000000 0.000000 1.000000</float_array>
        <technique_common>
          <accessor source="#mixamorig_Spine-Matrix-animation-output-transform-array" count="31" stride="16">
            <param type="float4x4"/>
          </accessor>
        </technique_common>
      </source>
      <source id="mixamorig_Spine-Interpolations">
        <Name_array id="mixamorig_Spine-Interpolations-array" count="31">
 LINEAR LINEAR LINEAR LINEAR LINEAR LINEAR LINEAR LINEAR LINEAR LINEAR LINEAR
LINEAR LINEAR LINEAR LINEAR LINEAR LINEAR LINEAR LINEAR LINEAR LINEAR LINEAR LINEAR
LINEAR LINEAR LINEAR LINEAR LINEAR LINEAR LINEAR LINEAR</Name_array>
        <technique_common>
          <accessor source="#mixamorig_Spine-Interpolations-array" count="31">
            <param type="name"/>
          </accessor>
        </technique_common>
      </source>
      <sampler id="mixamorig_Spine-Matrix-animation-transform">
        <input semantic="INPUT" source="#mixamorig_Spine-Matrix-animation-input"/>
        <input semantic="OUTPUT" source="#mixamorig_Spine-Matrix-animation-output-transform"/>
        <input semantic="INTERPOLATION" source="#mixamorig_Spine-Interpolations"/>
      </sampler>
      <channel source="#mixamorig_Spine-Matrix-animation-transform" target="mixamorig_Spine/matrix"/>
    </animation>
    <animation id="mixamorig_Spine1-anim" name="mixamorig_Spine1">
      <source id="mixamorig_Spine1-Matrix-animation-input">
        <float_array id="mixamorig_Spine1-Matrix-animation-input-array" count="31">

0.000000 0.033333 0.066667 0.100000 0.133333 0.166667 0.200000 0.233333 0.266667 0.300000 0.333333 0.366667 0.400000 0.433333 0.466667 0.500000
0.533333 0.566667 0.600000 0.633333 0.666667 0.700000 0.733333 0.766667 0.800000 0.833333 0.866667 0.900000 0.933333 0.966667 1.000000</float_array>
        <technique_common>
          <accessor source="#mixamorig_Spine1-Matrix-animation-input-array" count="31">
            <param name="TIME" type="float"/>
          </accessor>
        </technique_common>
      </source>
      <source id="mixamorig_Spine1-Matrix-animation-output-transform">
        <float_array id="mixamorig_Spine1-Matrix-animation-output-transform-array" count="496">

0.997733 -0.051686 -0.043090 0.000000 0.039880 0.969949 -0.240019 12.024300 0.054200 0.237756 0.969811 0.000000 0.000000 0.000000 0.000000 1.000000
0.999003 -0.041207 -0.017197 0.000000 0.036098 0.972012 -0.232143 12.024300 0.026282 0.231291 0.972530 0.000000 0.000000 0.000000 0.000000 1.000000
0.999518 -0.030183 0.007219 0.000000 0.031031 0.975753 -0.216664 12.024300 -0.000504 0.216784 0.976219 -0.000000 0.000000 0.000000 0.000000 1.000000
0.999363 -0.024900 0.025562 -0.000000 0.029455 0.979969 -0.196958 12.024300 -0.020146 0.197585 0.980079 -0.000000 0.000000 0.000000 0.000000 1.000000
0.998907 -0.031265 0.034738 -0.000000 0.037111 0.982425 -0.182932 12.024300 -0.028408 0.184021 0.982512 0.000000 0.000000 0.000000 0.000000 1.000000
0.998102 -0.049264 0.036940 -0.000000 0.055215 0.981603 -0.182774 12.024300 -0.027256 0.184467 0.982461 0.000000 0.000000 0.000000 0.000000 1.000000
0.996701 -0.072219 0.037034 0.000000 0.078077 0.977779 -0.194555 12.024300 -0.022160 0.196805 0.980192 0.000000 0.000000 0.000000 0.000000 1.000000
0.995262 -0.090014 0.036754 0.000000 0.095763 0.972901 -0.210459 12.024300 -0.016814 0.212981 0.976912 0.000000 0.000000 0.000000 0.000000 1.000000
0.994933 -0.094489 0.034363 0.000000 0.099827 0.969090 -0.225609 12.024300 -0.011984 0.227896 0.973612 0.000000 0.000000 0.000000 0.000000 1.000000
0.995903 -0.085661 0.028990 0.000000 0.090102 0.967293 -0.237119 12.024300 -0.007730 0.238760 0.971048 0.000000 0.000000 0.000000 0.000000 1.000000
0.997199 -0.071566 0.021732 0.000000 0.074686 0.968332 -0.238233 12.024300 -0.003995 0.239189 0.970965 0.000000 0.000000 0.000000 0.000000 1.000000
0.998126 -0.059959 0.012219 0.000000 0.061177 0.973392 -0.220829 12.024300 0.001347 0.221162 0.975236 0.000000 0.000000 0.000000 0.000000 1.000000
0.998596 -0.052959 -0.001134 0.000000 0.051821 0.981133 -0.186262 12.024300 0.010976 0.185942 0.982500 -0.000000 0.000000 0.000000 0.000000 1.000000
0.998657 -0.049806 -0.014256 0.000000 0.047085 0.987377 -0.151227 12.024300 0.021608 0.150353 0.988396 0.000000 0.000000 0.000000 0.000000 1.000000
0.998737 -0.047264 -0.017058 0.000000 0.044557 0.989957 -0.134164 12.024300 0.023228 0.133234 0.990812 0.000000 0.000000 0.000000 0.000000 1.000000
0.999364 -0.035035 -0.006619 0.000000 0.033827 0.990332 -0.134532 12.024300 0.011268 0.134222 0.990887 -0.000000 0.000000 0.000000 0.000000 1.000000
0.999987 -0.001185 0.004870 0.000000 0.001845 0.990448 -0.137871 12.024300 -0.004660 0.137878 0.990438 0.000000 0.000000 0.000000 0.000000 1.000000
0.998661 0.051647 0.002961 -0.000000 -0.050752 0.989237 -0.137238 12.024300 -0.010017 0.136904 0.990534 -0.000000 0.000000 0.000000 0.000000 1.000000
0.994541 0.103613 -0.012325 -0.000000 -0.104326 0.985304 -0.135249 12.024300 -0.001870 0.135796 0.990735 0.000000 0.000000 0.000000 0.000000 1.000000
0.990206 0.136443 -0.029573 -0.000000 -0.139192 0.981229 -0.133470 12.024300 0.010806 0.136279 0.990612 0.000000 0.000000 0.000000 0.000000 1.000000
0.988129 0.147808 -0.041876 0.000000 -0.152087 0.979668 -0.130840 12.024300 0.021685 0.135656 0.990519 0.000000 0.000000 0.000000 0.000000 1.000000
0.988097 0.144729 -0.052131 -0.000000 -0.150396 0.980088 -0.129645 12.024300 0.032330 0.135942 0.990189 -0.000000 0.000000 0.000000 0.000000 1.000000
0.989216 0.131286 -0.064932 0.000000 -0.139073 0.981003 -0.135244 12.024300 0.045943 0.142816 0.988682 -0.000000 0.000000 0.000000 0.000000 1.000000
0.991092 0.107469 -0.078662 0.000000 -0.118334 0.981599 -0.149867 12.024300 0.061108 0.157840 0.985572 0.000000 0.000000 0.000000 0.000000 1.000000
0.993454 0.075090 -0.086084 0.000000 -0.088972 0.981276 -0.170826 12.024300 0.071645 0.177366 0.981534 -0.000000 0.000000 0.000000 0.000000 1.000000
0.995801 0.038987 -0.082824 -0.000000 -0.054386 0.979750 -0.192699 12.024300 0.073634 0.196394 0.977756 0.000000 0.000000 0.000000 0.000000 1.000000
0.997195 0.003718 -0.074751 0.000000 -0.019431 0.977379 -0.210599 12.024300 0.072277 0.211461 0.974710 0.000000 0.000000 0.000000 0.000000 1.000000
0.997083 -0.026538 -0.071558 -0.000000 0.009898 0.974645 -0.223536 12.024300 0.075676 0.222175 0.972065 0.000000 0.000000 0.000000 0.000000 1.000000
0.996306 -0.046551 -0.072169 0.000000 0.028540 0.972057 -0.233003 12.024300 0.080999 0.230082 0.969795 -0.000000 0.000000 0.000000 0.000000 1.000000
0.996411 -0.053872 -0.065286 -0.000000 0.036809 0.970345 -0.238907 12.024300 0.076221 0.235647 0.968845 -0.000000 0.000000 0.000000 0.000000 1.000000
0.997733 -0.051686 -0.043090 0.000000 0.039880 0.969949 -0.240018 12.024300 0.054200 0.237756 0.969812 -0.000000 0.000000 0.000000 0.000000 1.000000</float_array>
        <technique_common>
          <accessor source="#mixamorig_Spine1-Matrix-animation-output-transform-array" count="31" stride="16">
            <param type="float4x4"/>
          </accessor>
        </technique_common>
      </source>
      <source id="mixamorig_Spine1-Interpolations">
        <Name_array id="mixamorig_Spine1-Interpolations-array" count="31">
 LINEAR LINEAR LINEAR LINEAR LINEAR LINEAR LINEAR LINEAR LINEAR LINEAR LINEAR
LINEAR LINEAR LINEAR LINEAR LINEAR LINEAR LINEAR LINEAR LINEAR LINEAR LINEAR LINEAR
LINEAR LINEAR LINEAR LINEAR LINEAR LINEAR LINEAR LINEAR</Name_array>
        <technique_common>
          <accessor source="#mixamorig_Spine1-Interpolations-array" count="31">
            <param type="name"/>
          </accessor>
        </technique_common>
      </source>
      <sampler id="mixamorig_Spine1-Matrix-animation-transform">
        <input semantic="INPUT" source="#mixamorig_Spine1-Matrix-animation-input"/>
        <input semantic="OUTPUT" source="#mixamorig_Spine1-Matrix-animation-output-transform"/>
        <input semantic="INTERPOLATION" source="#mixamorig_Spine1-Interpolations"/>
      </sampler>
      <channel source="#mixamorig_Spine1-Matrix-animation-transform" target="mixamorig_Spine1/matrix"/>
    </animation>
    <animation id="mixamorig_Spine2-anim" name="mixamorig_Spine2">
      <source id="mixamorig_Spine2-Matrix-animation-input">
        <float_array id="mixamorig_Spine2-Matrix-animation-input-array" count="31">

0.000000 0.033333 0.066667 0.100000 0.133333 0.166667 0.200000 0.233333 0.266667 0.300000 0.333333 0.366667 0.400000 0.433333 0.466667 0.500000
0.533333 0.566667 0.600000 0.633333 0.666667 0.700000 0.733333 0.766667 0.800000 0.833333 0.866667 0.900000 0.933333 0.966667 1.000000</float_array>
        <technique_common>
          <accessor source="#mixamorig_Spine2-Matrix-animation-input-array" count="31">
            <param name="TIME" type="float"/>
          </accessor>
        </technique_common>
      </source>
      <source id="mixamorig_Spine2-Matrix-animation-output-transform">
        <float_array id="mixamorig_Spine2-Matrix-animation-output-transform-array" count="496">

0.998271 -0.052343 -0.026747 -0.000000 0.044925 0.972837 -0.227088 17.815800 0.037907 0.225494 0.973507 0.000000 0.000000 0.000000 0.000000 1.000000
0.999218 -0.039541 -0.000236 -0.000000 0.038539 0.975195 -0.217969 17.815800 0.008849 0.217789 0.975956 -0.000000 0.000000 0.000000 0.000000 1.000000
0.999375 -0.026168 0.023773 -0.000000 0.030432 0.978967 -0.201736 17.815800 -0.017994 0.202333 0.979151 0.000000 0.000000 0.000000 0.000000 1.000000
0.998923 -0.018769 0.042427 0.000000 0.026194 0.982975 -0.181863 17.815800 -0.038291 0.182779 0.982408 -0.000000 0.000000 0.000000 0.000000 1.000000
0.998259 -0.023553 0.054073 0.000000 0.032348 0.985252 -0.168024 17.815800 -0.049318 0.169480 0.984299 -0.000000 0.000000 0.000000 0.000000 1.000000
0.997381 -0.040384 0.060007 0.000000 0.049970 0.984524 -0.167976 17.815800 -0.052295 0.170535 0.983963 0.000000 0.000000 0.000000 0.000000 1.000000
0.996100 -0.061981 0.062789 0.000000 0.072370 0.981064 -0.179653 17.815800 -0.050465 0.183497 0.981724 0.000000 0.000000 0.000000 0.000000 1.000000
0.994974 -0.077783 0.063058 0.000000 0.088743 0.976680 -0.195503 17.815800 -0.046381 0.200117 0.978674 -0.000000 0.000000 0.000000 0.000000 1.000000
0.995021 -0.080001 0.059431 -0.000000 0.090848 0.973289 -0.210843 17.815800 -0.040976 0.215193 0.975712 0.000000 0.000000 0.000000 0.000000 1.000000
0.996238 -0.069833 0.051320 -0.000000 0.079577 0.971656 -0.222604 17.815800 -0.034320 0.225850 0.973557 0.000000 0.000000 0.000000 0.000000 1.000000
0.997608 -0.056562 0.039749 0.000000 0.064054 0.972560 -0.223663 17.815800 -0.026008 0.225674 0.973856 0.000000 0.000000 0.000000 0.000000 1.000000
0.998524 -0.048308 0.024815 0.000000 0.052391 0.977184 -0.205832 17.815800 -0.014305 0.206829 0.978273 0.000000 0.000000 0.000000 0.000000 1.000000
0.998907 -0.046362 0.005908 -0.000000 0.046689 0.984187 -0.170866 17.815800 0.002107 0.170955 0.985277 -0.000000 0.000000 0.000000 0.000000 1.000000
0.998754 -0.048353 -0.012349 0.000000 0.046232 0.989648 -0.135867 17.815800 0.018791 0.135127 0.990650 -0.000000 0.000000 0.000000 0.000000 1.000000
0.998571 -0.049551 -0.020027 0.000000 0.046819 0.991749 -0.119337 17.815800 0.025775 0.118229 0.992652 0.000000 0.000000 0.000000 0.000000 1.000000
0.999117 -0.039326 -0.014766 0.000000 0.037267 0.992023 -0.120427 17.815800 0.019384 0.119770 0.992612 0.000000 0.000000 0.000000 0.000000 1.000000
0.999934 -0.006692 -0.009327 0.000000 0.005483 0.992250 -0.124140 17.815800 0.010086 0.124080 0.992221 0.000000 0.000000 0.000000 0.000000 1.000000
0.998839 0.044669 -0.018050 0.000000 -0.046559 0.991281 -0.123265 17.815800 0.012387 0.123962 0.992210 0.000000 0.000000 0.000000 0.000000 1.000000
0.994705 0.094762 -0.039782 0.000000 -0.098925 0.987753 -0.120653 17.815800 0.027861 0.123950 0.991897 0.000000 0.000000 0.000000 0.000000 1.000000
0.990138 0.125829 -0.061598 0.000000 -0.132420 0.984116 -0.118243 17.815800 0.045741 0.125234 0.991072 0.000000 0.000000 0.000000 0.000000 1.000000
0.987807 0.135953 -0.075862 -0.000000 -0.144118 0.982826 -0.115250 17.815800 0.058891 0.124778 0.990435 0.000000 0.000000 0.000000 0.000000 1.000000
0.987508 0.132150 -0.085811 -0.000000 -0.141503 0.983347 -0.114046 17.815800 0.069310 0.124764 0.989763 -0.000000 0.000000 0.000000 0.000000 1.000000
0.988268 0.118316 -0.096582 0.000000 -0.129562 0.984290 -0.119948 17.815800 0.080873 0.131055 0.988071 0.000000 0.000000 0.000000 0.000000 1.000000
0.989795 0.094460 -0.106687 0.000000 -0.108553 0.984866 -0.135114 17.815800 0.092310 0.145317 0.985070 -0.000000 0.000000 0.000000 0.000000 1.000000
0.992078 0.062728 -0.108844 0.000000 -0.079442 0.984438 -0.156750 17.815800 0.097318 0.164155 0.981622 -0.000000 0.000000 0.000000 0.000000 1.000000
0.994706 0.028214 -0.098816 0.000000 -0.045686 0.982733 -0.179298 17.815800 0.092051 0.182863 0.978820 0.000000 0.000000 0.000000 0.000000 1.000000
0.996538 -0.004883 -0.083001 0.000000 -0.011667 0.980183 -0.197748 17.815800 0.082322 0.198032 0.976733 0.000000 0.000000 0.000000 0.000000 1.000000
0.996848 -0.033133 -0.072090 0.000000 0.017221 0.977324 -0.211050 17.815800 0.077448 0.209143 0.974813 0.000000 0.000000 0.000000 0.000000 1.000000
0.996490 -0.051506 -0.065999 0.000000 0.035764 0.974695 -0.220661 17.815800 0.075694 0.217526 0.973115 0.000000 0.000000 0.000000 0.000000 1.000000
0.996930 -0.057018 -0.053655 -0.000000 0.043466 0.973056 -0.226435 17.815800 0.065120 0.223407 0.972547 -0.000000 0.000000 0.000000 0.000000 1.000000
0.998271 -0.052343 -0.026747 0.000000 0.044925 0.972837 -0.227088 17.815800 0.037907 0.225494 0.973507 -0.000000 0.000000 0.000000 0.000000 1.000000</float_array>
        <technique_common>
          <accessor source="#mixamorig_Spine2-Matrix-animation-output-transform-array" count="31" stride="16">
            <param type="float4x4"/>
          </accessor>
        </technique_common>
      </source>
      <source id="mixamorig_Spine2-Interpolations">
        <Name_array id="mixamorig_Spine2-Interpolations-array" count="31">
 LINEAR LINEAR LINEAR LINEAR LINEAR LINEAR LINEAR LINEAR LINEAR LINEAR LINEAR
LINEAR LINEAR LINEAR LINEAR LINEAR LINEAR LINEAR LINEAR LINEAR LINEAR LINEAR LINEAR
LINEAR LINEAR LINEAR LINEAR LINEAR LINEAR LINEAR LINEAR</Name_array>
        <technique_common>
          <accessor source="#mixamorig_Spine2-Interpolations-array" count="31">
            <param type="name"/>
          </accessor>
        </technique_common>
      </source>
      <sampler id="mixamorig_Spine2-Matrix-animation-transform">
        <input semantic="INPUT" source="#mixamorig_Spine2-Matrix-animation-input"/>
        <input semantic="OUTPUT" source="#mixamorig_Spine2-Matrix-animation-output-transform"/>
        <input semantic="INTERPOLATION" source="#mixamorig_Spine2-Interpolations"/>
      </sampler>
      <channel source="#mixamorig_Spine2-Matrix-animation-transform" target="mixamorig_Spine2/matrix"/>
    </animation>
    <animation id="mixamorig_Neck-anim" name="mixamorig_Neck">
      <source id="mixamorig_Neck-Matrix-animation-input">
        <float_array id="mixamorig_Neck-Matrix-animation-input-array" count="31">

0.000000 0.033333 0.066667 0.100000 0.133333 0.166667 0.200000 0.233333 0.266667 0.300000 0.333333 0.366667 0.400000 0.433333 0.466667 0.500000
0.533333 0.566667 0.600000 0.633333 0.666667 0.700000 0.733333 0.766667 0.800000 0.833333 0.866667 0.900000 0.933333 0.966667 1.000000</float_array>
        <technique_common>
          <accessor source="#mixamorig_Neck-Matrix-animation-input-array" count="31">
            <param name="TIME" type="float"/>
          </accessor>
        </technique_common>
      </source>
      <source id="mixamorig_Neck-Matrix-animation-output-transform">
        <float_array id="mixamorig_Neck-Matrix-animation-output-transform-array" count="496">

0.999713 -0.023817 0.002747 -0.000000 0.023967 0.989778 -0.140592 39.117599 0.000629 0.140617 0.990064 11.977000 0.000000 0.000000 0.000000 1.000000
0.998957 -0.044830 -0.008624 -0.000000 0.043284 0.990134 -0.133274 39.117599 0.014513 0.132762 0.991042 11.977000 0.000000 0.000000 0.000000 1.000000
0.998367 -0.053911 -0.018868 0.000000 0.050999 0.990130 -0.130544 39.117599 0.025720 0.129369 0.991263 11.977000 0.000000 0.000000 0.000000 1.000000
0.998413 -0.049391 -0.027045 0.000000 0.045468 0.990437 -0.130257 39.117599 0.033220 0.128821 0.991111 11.977000 0.000000 0.000000 0.000000 1.000000
0.998771 -0.037170 -0.032771 0.000000 0.032741 0.991409 -0.126637 39.117599 0.037196 0.125408 0.991408 11.977000 0.000000 0.000000 0.000000 1.000000
0.999027 -0.024492 -0.036678 -0.000000 0.020123 0.993151 -0.115090 39.117599 0.039246 0.114240 0.992678 11.977000 0.000000 0.000000 0.000000 1.000000
0.999175 -0.011374 -0.038999 -0.000000 0.007570 0.995318 -0.096354 39.117599 0.039912 0.095980 0.994583 11.977000 0.000000 0.000000 0.000000 1.000000
0.999267 0.006257 -0.037769 0.000000 -0.009037 0.997225 -0.073895 39.117599 0.037202 0.074182 0.996551 11.977000 0.000000 0.000000 0.000000 1.000000
0.999197 0.025817 -0.030647 0.000000 -0.027269 0.998479 -0.047924 39.117599 0.029363 0.048721 0.998381 11.977000 0.000000 0.000000 0.000000 1.000000
0.999133 0.037122 -0.018869 0.000000 -0.037401 0.999193 -0.014656 39.117599 0.018310 0.015349 0.999715 11.977000 0.000000 0.000000 0.000000 1.000000
0.999255 0.038090 -0.006185 0.000000 -0.037921 0.998956 0.025487 39.117599 0.007149 -0.025234 0.999656 11.977000 0.000000 0.000000 0.000000 1.000000
0.998967 0.044924 0.006798 0.000000 -0.045258 0.997064 0.061759 39.117599 -0.004003 -0.062003 0.998068 11.977000 0.000000 0.000000 0.000000 1.000000
0.996946 0.074704 0.022774 0.000000 -0.076345 0.993650 0.082649 39.117599 -0.016455 -0.084136 0.996318 11.977000 0.000000 0.000000 0.000000 1.000000
0.991930 0.120078 0.040697 0.000000 -0.123247 0.988531 0.087268 39.117599 -0.029752 -0.091580 0.995353 11.977000 0.000000 0.000000 0.000000 1.000000
0.986585 0.154002 0.054162 -0.000000 -0.158033 0.984163 0.080310 39.117599 -0.040936 -0.087792 0.995297 11.977000 0.000000 0.000000 0.000000 1.000000
0.985295 0.159953 0.060078 -0.000000 -0.163804 0.984295 0.065819 39.117599 -0.048606 -0.074692 0.996021 11.977000 0.000000 0.000000 0.000000 1.000000
0.987429 0.144664 0.063688 0.000000 -0.148147 0.987499 0.053835 39.117599 -0.055104 -0.062594 0.996517 11.977000 0.000000 0.000000 0.000000 1.000000
0.990205 0.120244 0.070963 0.000000 -0.124324 0.990649 0.056191 39.117599 -0.063543 -0.064463 0.995895 11.977000 0.000000 0.000000 0.000000 1.000000
0.992828 0.089177 0.079619 -0.000000 -0.094305 0.993539 0.063147 39.117599 -0.073473 -0.070202 0.994823 11.977000 0.000000 0.000000 0.000000 1.000000
0.995118 0.053947 0.082637 0.000000 -0.057944 0.997224 0.046758 39.117599 -0.079885 -0.051318 0.995482 11.977000 0.000000 0.000000 0.000000 1.000000
0.996571 0.026584 0.078358 0.000000 -0.026612 0.999646 -0.000694 39.117599 -0.078349 -0.001393 0.996925 11.977000 0.000000 0.000000 0.000000 1.000000
0.997261 0.017053 0.071968 0.000000 -0.013188 0.998462 -0.053849 39.117599 -0.072776 0.052753 0.995952 11.977000 0.000000 0.000000 0.000000 1.000000
0.997416 0.021573 0.068532 0.000000 -0.015483 0.995983 -0.088188 39.117599 -0.070159 0.086899 0.993744 11.977000 0.000000 0.000000 0.000000 1.000000
0.997205 0.030143 0.068362 -0.000000 -0.022882 0.994250 -0.104615 39.117599 -0.071123 0.102758 0.992160 11.977000 0.000000 0.000000 0.000000 1.000000
0.997003 0.037688 0.067567 0.000000 -0.029709 0.992872 -0.115425 39.117599 -0.071436 0.113072 0.991016 11.977000 0.000000 0.000000 0.000000 1.000000
0.997129 0.043466 0.062006 -0.000000 -0.035359 0.991358 -0.126330 39.117599 -0.066962 0.123775 0.990048 11.977000 0.000000 0.000000 0.000000 1.000000
0.997565 0.046226 0.052225 -0.000000 -0.038733 0.989905 -0.136335 39.117599 -0.058000 0.133980 0.989285 11.977000 0.000000 0.000000 0.000000 1.000000
0.998176 0.042917 0.042457 -0.000000 -0.036426 0.989001 -0.143350 39.117599 -0.048142 0.141542 0.988761 11.977000 0.000000 0.000000 0.000000 1.000000
0.998988 0.029950 0.033553 0.000000 -0.024747 0.988977 -0.145987 39.117599 -0.037555 0.145009 0.988717 11.977000 0.000000 0.000000 0.000000 1.000000
0.999749 0.006577 0.021429 0.000000 -0.003415 0.989515 -0.144388 39.117599 -0.022154 0.144278 0.989289 11.977000 0.000000 0.000000 0.000000 1.000000
0.999713 -0.023817 0.002747 0.000000 0.023967 0.989778 -0.140592 39.117599 0.000629 0.140617 0.990064 11.977000 0.000000 0.000000 0.000000 1.000000</float_array>
        <technique_common>
          <accessor source="#mixamorig_Neck-Matrix-animation-output-transform-array" count="31" stride="16">
            <param type="float4x4"/>
          </accessor>
        </technique_common>
      </source>
      <source id="mixamorig_Neck-Interpolations">
        <Name_array id="mixamorig_Neck-Interpolations-array" count="31">
 LINEAR LINEAR LINEAR LINEAR LINEAR LINEAR LINEAR LINEAR LINEAR LINEAR LINEAR
LINEAR LINEAR LINEAR LINEAR LINEAR LINEAR LINEAR LINEAR LINEAR LINEAR LINEAR LINEAR
LINEAR LINEAR LINEAR LINEAR LINEAR LINEAR LINEAR LINEAR</Name_array>
        <technique_common>
          <accessor source="#mixamorig_Neck-Interpolations-array" count="31">
            <param type="name"/>
          </accessor>
        </technique_common>
      </source>
      <sampler id="mixamorig_Neck-Matrix-animation-transform">
        <input semantic="INPUT" source="#mixamorig_Neck-Matrix-animation-input"/>
        <input semantic="OUTPUT" source="#mixamorig_Neck-Matrix-animation-output-transform"/>
        <input semantic="INTERPOLATION" source="#mixamorig_Neck-Interpolations"/>
      </sampler>
      <channel source="#mixamorig_Neck-Matrix-animation-transform" target="mixamorig_Neck/matrix"/>
    </animation>
    <animation id="mixamorig_Head-anim" name="mixamorig_Head">
      <source id="mixamorig_Head-Matrix-animation-input">
        <float_array id="mixamorig_Head-Matrix-animation-input-array" count="31">

0.000000 0.033333 0.066667 0.100000 0.133333 0.166667 0.200000 0.233333 0.266667 0.300000 0.333333 0.366667 0.400000 0.433333 0.466667 0.500000
0.533333 0.566667 0.600000 0.633333 0.666667 0.700000 0.733333 0.766667 0.800000 0.833333 0.866667 0.900000 0.933333 0.966667 1.000000</float_array>
        <technique_common>
          <accessor source="#mixamorig_Head-Matrix-animation-input-array" count="31">
            <param name="TIME" type="float"/>
          </accessor>
        </technique_common>
      </source>
      <source id="mixamorig_Head-Matrix-animation-output-transform">
        <float_array id="mixamorig_Head-Matrix-animation-output-transform-array" count="496">

0.992245 -0.111747 0.054436 0.000000 0.124199 0.873599 -0.470531 14.552500 0.005025 0.473643 0.880703 15.664100 0.000000 0.000000 0.000000 1.000000
0.969960 -0.238651 -0.047146 0.000000 0.196648 0.883311 -0.425547 14.552500 0.143202 0.403493 0.903707 15.664100 0.000000 0.000000 0.000000 1.000000
0.945057 -0.297188 -0.136187 0.000000 0.219148 0.885068 -0.410644 14.552500 0.242573 0.358237 0.901568 15.664100 0.000000 0.000000 0.000000 1.000000
0.936209 -0.279289 -0.213332 -0.000000 0.180204 0.902631 -0.390875 14.552500 0.301727 0.327497 0.895381 15.664100 0.000000 0.000000 0.000000 1.000000
0.931311 -0.222084 -0.288684 -0.000000 0.119058 0.934680 -0.334960 14.552500 0.344216 0.277582 0.896919 15.664100 0.000000 0.000000 0.000000 1.000000
0.912070 -0.172179 -0.372134 0.000000 0.083621 0.966596 -0.242279 14.552500 0.401418 0.189858 0.896001 15.664100 0.000000 0.000000 0.000000 1.000000
0.879664 -0.134740 -0.456109 -0.000000 0.083846 0.987944 -0.130143 14.552500 0.468145 0.076239 0.880356 15.664100 0.000000 0.000000 0.000000 1.000000
0.856106 -0.094090 -0.508163 0.000000 0.107013 0.994250 -0.003807 14.552500 0.505600 -0.051121 0.861252 15.664100 0.000000 0.000000 0.000000 1.000000
0.866646 -0.060878 -0.495195 0.000000 0.147824 0.979294 0.138316 14.552500 0.476521 -0.193073 0.857701 15.664100 0.000000 0.000000 0.000000 1.000000
0.907175 -0.059427 -0.416535 0.000000 0.193439 0.938056 0.287460 14.552500 0.373650 -0.341350 0.862477 15.664100 0.000000 0.000000 0.000000 1.000000
0.946719 -0.088632 -0.309624 0.000000 0.221222 0.877656 0.425182 14.552500 0.234059 -0.471024 0.850502 15.664100 0.000000 0.000000 0.000000 1.000000
0.968900 -0.131123 -0.209856 -0.000000 0.225915 0.814773 0.533954 14.552500 0.100972 -0.564758 0.819056 15.664100 0.000000 0.000000 0.000000 1.000000
0.978295 -0.175154 -0.110720 0.000000 0.205873 0.760866 0.615385 14.552500 -0.023544 -0.624823 0.780411 15.664100 0.000000 0.000000 0.000000 1.000000
0.978760 -0.204749 0.010319 0.000000 0.144305 0.723824 0.674726 14.552500 -0.145619 -0.658906 0.737996 15.664100 0.000000 0.000000 0.000000 1.000000
0.968696 -0.201984 0.144329 -0.000000 0.046172 0.717830 0.694686 14.552500 -0.243919 -0.666275 0.704685 15.664100 0.000000 0.000000 0.000000 1.000000
0.947916 -0.175243 0.265981 0.000000 -0.043617 0.755768 0.653386 14.552500 -0.315521 -0.630956 0.708760 15.664100 0.000000 0.000000 0.000000 1.000000
0.912465 -0.154820 0.378732 -0.000000 -0.088642 0.828861 0.552387 14.552500 -0.399437 -0.537606 0.742583 15.664100 0.000000 0.000000 0.000000 1.000000
0.852244 -0.142232 0.503438 0.000000 -0.093126 0.905714 0.413533 14.552500 -0.514788 -0.399314 0.758644 15.664100 0.000000 0.000000 0.000000 1.000000
0.768615 -0.101387 0.631626 0.000000 -0.079586 0.964535 0.251672 14.552500 -0.634742 -0.243707 0.733287 15.664100 0.000000 0.000000 0.000000 1.000000
0.690106 -0.014257 0.723568 0.000000 -0.051019 0.996360 0.068291 14.552500 -0.721908 -0.084044 0.686867 15.664100 0.000000 0.000000 0.000000 1.000000
0.653454 0.093281 0.751197 0.000000 -0.006532 0.993036 -0.117629 14.552500 -0.756938 0.071958 0.649513 15.664100 0.000000 0.000000 0.000000 1.000000
0.663052 0.186147 0.725059 0.000000 0.032013 0.960651 -0.275906 14.552500 -0.747888 0.206152 0.631003 15.664100 0.000000 0.000000 0.000000 1.000000
0.690369 0.250899 0.678557 0.000000 0.046255 0.920711 -0.387495 14.552500 -0.721977 0.298901 0.624025 15.664100 0.000000 0.000000 0.000000 1.000000
0.716092 0.285842 0.636794 -0.000000 0.041697 0.893158 -0.447807 14.552500 -0.696760 0.347223 0.627664 15.664100 0.000000 0.000000 0.000000 1.000000
0.751380 0.286821 0.594274 0.000000 0.033150 0.883049 -0.468109 14.552500 -0.659036 0.371428 0.653997 15.664100 0.000000 0.000000 0.000000 1.000000
0.809931 0.259738 0.525879 0.000000 0.026480 0.879493 -0.475175 14.552500 -0.585928 0.398784 0.705450 15.664100 0.000000 0.000000 0.000000 1.000000
0.873640 0.230565 0.428477 -0.000000 0.013406 0.868862 -0.494874 14.552500 -0.486387 0.438086 0.755981 15.664100 0.000000 0.000000 0.000000 1.000000
0.917311 0.214127 0.335692 -0.000000 -0.008483 0.853406 -0.521177 14.552500 -0.398080 0.475234 0.784656 15.664100 0.000000 0.000000 0.000000 1.000000
0.947588 0.178598 0.264914 -0.000000 -0.013375 0.850614 -0.525620 14.552500 -0.319214 0.494528 0.808421 15.664100 0.000000 0.000000 0.000000 1.000000
0.980008 0.074570 0.184456 -0.000000 0.028014 0.866151 -0.498997 14.552500 -0.196977 0.494188 0.846746 15.664100 0.000000 0.000000 0.000000 1.000000
0.992245 -0.111747 0.054436 0.000000 0.124199 0.873599 -0.470531 14.552500 0.005025 0.473643 0.880703 15.664100 0.000000 0.000000 0.000000 1.000000</float_array>
