<?xml version="1.0" encoding="utf-8"?>
<COLLADA xmlns="http://www.collada.org/2005/11/COLLADASchema" version="1.4.1">
  <asset>
    <contributor>
      <author>Mixamo</author>
      <authoring_tool>COLLADA Mixamo exporter</authoring_tool>
      <comments/>
    </contributor>
    <created>2025-04-13T07:26:28Z</created>
    <modified>2025-04-13T07:26:28Z</modified>
    <revision/>
    <title/>
    <unit meter="0.010000"/>
    <up_axis>Y_UP</up_axis>
  </asset>
  <library_animations>
    <animation id="mixamorig_Hips-anim" name="mixamorig_Hips">
      <source id="mixamorig_Hips-Matrix-animation-input">
        <float_array id="mixamorig_Hips-Matrix-animation-input-array" count="18">

0.000000 0.033333 0.066667 0.100000 0.133333 0.166667 0.200000 0.233333 0.266667 0.300000 0.333333 0.366667 0.400000 0.433333 0.466667 0.500000
0.533333 0.566667</float_array>
        <technique_common>
          <accessor source="#mixamorig_Hips-Matrix-animation-input-array" count="18">
            <param name="TIME" type="float"/>
          </accessor>
        </technique_common>
      </source>
      <source id="mixamorig_Hips-Matrix-animation-output-transform">
        <float_array id="mixamorig_Hips-Matrix-animation-output-transform-array" count="288">

0.965059 -0.261453 0.017431 8.153817 0.219148 0.768856 -0.600695 64.325333 0.143651 0.583526 0.799288 5.935337 0.000000 0.000000 0.000000 1.000000
0.951677 -0.306604 -0.017441 8.332508 0.232860 0.757474 -0.609925 64.878517 0.200217 0.576391 0.792267 20.208656 0.000000 0.000000 0.000000 1.000000
0.941410 -0.333857 -0.047825 7.103388 0.234732 0.750410 -0.617888 65.306831 0.242174 0.570460 0.784810 34.217209 0.000000 0.000000 0.000000 1.000000
0.934458 -0.347229 -0.078866 5.813044 0.227919 0.753451 -0.616736 64.382896 0.273570 0.558339 0.783209 47.339401 0.000000 0.000000 0.000000 1.000000
0.927969 -0.357021 -0.106812 5.921234 0.226719 0.768352 -0.598527 61.639576 0.295756 0.531198 0.793950 60.453819 0.000000 0.000000 0.000000 1.000000
0.917672 -0.371446 -0.141091 6.397597 0.233639 0.791649 -0.564539 59.121498 0.321390 0.485097 0.813258 73.225716 0.000000 0.000000 0.000000 1.000000
0.895485 -0.399486 -0.196258 5.569218 0.245914 0.811590 -0.529951 58.156292 0.370989 0.426301 0.825006 85.324356 0.000000 0.000000 0.000000 1.000000
0.860459 -0.448075 -0.242567 3.177654 0.280511 0.814019 -0.508612 58.365440 0.425350 0.369597 0.826120 97.557320 0.000000 0.000000 0.000000 1.000000
0.835482 -0.474486 -0.277188 -0.352740 0.294626 0.812574 -0.502911 59.202644 0.463860 0.338506 0.818687 109.299973 0.000000 0.000000 0.000000 1.000000
0.824536 -0.470387 -0.314446 -4.333723 0.269354 0.815056 -0.512964 60.733456 0.497583 0.338260 0.798744 120.674706 0.000000 0.000000 0.000000 1.000000
0.812351 -0.476507 -0.336197 -9.124547 0.256787 0.809879 -0.527405 62.994877 0.523591 0.342107 0.780266 132.658096 0.000000 0.000000 0.000000 1.000000
0.793512 -0.505160 -0.339341 -14.801219 0.280795 0.798640 -0.532286 64.363121 0.539901 0.327090 0.775577 145.121780 0.000000 0.000000 0.000000 1.000000
0.782882 -0.541251 -0.306826 -19.660585 0.343452 0.787169 -0.512255 62.661880 0.518783 0.295655 0.802155 157.096542 0.000000 0.000000 0.000000 1.000000
0.745979 -0.561084 -0.358749 -24.387943 0.335759 0.782078 -0.524996 60.789238 0.575136 0.271182 0.771802 167.948593 0.000000 0.000000 0.000000 1.000000
0.706396 -0.579462 -0.406482 -29.589109 0.338098 0.780759 -0.525458 60.516552 0.621847 0.233751 0.747440 177.140198 0.000000 0.000000 0.000000 1.000000
0.663481 -0.582555 -0.469491 -37.360661 0.312542 0.785926 -0.533514 61.289738 0.679787 0.207241 0.703520 187.831604 0.000000 0.000000 0.000000 1.000000
0.615175 -0.581362 -0.532520 -46.651886 0.266116 0.788931 -0.553868 62.782688 0.742120 0.199014 0.640041 198.763672 0.000000 0.000000 0.000000 1.000000
0.564409 -0.590538 -0.576809 -56.174053 0.233585 0.784435 -0.574542 64.066917 0.791758 0.189543 0.580683 209.657394 0.000000 0.000000 0.000000 1.000000</float_array>
        <technique_common>
          <accessor source="#mixamorig_Hips-Matrix-animation-output-transform-array" count="18" stride="16">
            <param type="float4x4"/>
          </accessor>
        </technique_common>
      </source>
      <source id="mixamorig_Hips-Interpolations">
        <Name_array id="mixamorig_Hips-Interpolations-array" count="18">
 LINEAR LINEAR LINEAR LINEAR LINEAR LINEAR LINEAR LINEAR LINEAR LINEAR LINEAR
LINEAR LINEAR LINEAR LINEAR LINEAR LINEAR LINEAR</Name_array>
        <technique_common>
          <accessor source="#mixamorig_Hips-Interpolations-array" count="18">
            <param type="name"/>
          </accessor>
        </technique_common>
      </source>
      <sampler id="mixamorig_Hips-Matrix-animation-transform">
        <input semantic="INPUT" source="#mixamorig_Hips-Matrix-animation-input"/>
        <input semantic="OUTPUT" source="#mixamorig_Hips-Matrix-animation-output-transform"/>
        <input semantic="INTERPOLATION" source="#mixamorig_Hips-Interpolations"/>
      </sampler>
      <channel source="#mixamorig_Hips-Matrix-animation-transform" target="mixamorig_Hips/matrix"/>
    </animation>
    <animation id="mixamorig_Spine-anim" name="mixamorig_Spine">
      <source id="mixamorig_Spine-Matrix-animation-input">
        <float_array id="mixamorig_Spine-Matrix-animation-input-array" count="18">

0.000000 0.033333 0.066667 0.100000 0.133333 0.166667 0.200000 0.233333 0.266667 0.300000 0.333333 0.366667 0.400000 0.433333 0.466667 0.500000
0.533333 0.566667</float_array>
        <technique_common>
          <accessor source="#mixamorig_Spine-Matrix-animation-input-array" count="18">
            <param name="TIME" type="float"/>
          </accessor>
        </technique_common>
      </source>
      <source id="mixamorig_Spine-Matrix-animation-output-transform">
        <float_array id="mixamorig_Spine-Matrix-animation-output-transform-array" count="288">

0.999654 -0.018341 0.018838 0.000000 0.024140 0.924179 -0.381196 13.784800 -0.010418 0.381519 0.924302 0.064400 0.000000 0.000000 0.000000 1.000000
0.999371 0.011055 0.033708 -0.000000 0.002091 0.930187 -0.367079 13.784800 -0.035413 0.366918 0.929579 0.064400 0.000000 0.000000 0.000000 1.000000
0.997377 0.022311 0.068861 0.000000 0.002581 0.939747 -0.341860 13.784800 -0.072339 0.341141 0.937224 0.064400 0.000000 0.000000 0.000000 1.000000
0.995073 0.015897 0.097864 0.000000 0.016031 0.948276 -0.317043 13.784800 -0.097842 0.317049 0.943349 0.064400 0.000000 0.000000 0.000000 1.000000
0.996063 -0.006421 0.088421 0.000000 0.033790 0.949583 -0.311689 13.784800 -0.081962 0.313450 0.946061 0.064400 0.000000 0.000000 0.000000 1.000000
0.998026 -0.034858 0.052247 -0.000000 0.050292 0.941821 -0.332330 13.784800 -0.037623 0.334302 0.941715 0.064400 0.000000 0.000000 0.000000 1.000000
0.998354 -0.050915 0.026414 0.000000 0.057067 0.928111 -0.367904 13.784800 -0.005784 0.368806 0.929488 0.064400 0.000000 0.000000 0.000000 1.000000
0.998927 -0.045613 -0.008010 -0.000000 0.038615 0.915853 -0.399652 13.784800 0.025565 0.398914 0.916632 0.064400 0.000000 0.000000 0.000000 1.000000
0.996947 -0.065672 -0.042239 -0.000000 0.042558 0.910542 -0.411220 13.784800 0.065466 0.408167 0.910557 0.064400 0.000000 0.000000 0.000000 1.000000
0.991076 -0.120140 -0.057742 0.000000 0.086582 0.909579 -0.406411 13.784800 0.101347 0.397785 0.911864 0.064400 0.000000 0.000000 0.000000 1.000000
0.981798 -0.171272 -0.082094 -0.000000 0.126197 0.911285 -0.391962 13.784800 0.141943 0.374467 0.916311 0.064400 0.000000 0.000000 0.000000 1.000000
0.971996 -0.201212 -0.121397 0.000000 0.144334 0.918837 -0.367297 13.784800 0.185448 0.339489 0.922147 0.064400 0.000000 0.000000 0.000000 1.000000
0.958251 -0.217198 -0.185957 0.000000 0.142793 0.926974 -0.346885 13.784800 0.247720 0.305849 0.919288 0.064400 0.000000 0.000000 0.000000 1.000000
0.972432 -0.196359 -0.125778 0.000000 0.144602 0.930927 -0.335357 13.784800 0.182941 0.307924 0.933657 0.064400 0.000000 0.000000 0.000000 1.000000
0.985226 -0.148132 -0.085949 -0.000000 0.111229 0.935067 -0.336567 13.784800 0.130225 0.322034 0.937729 0.064400 0.000000 0.000000 0.000000 1.000000
0.993971 -0.098878 -0.047372 0.000000 0.075803 0.931922 -0.354649 13.784800 0.079214 0.348920 0.933799 0.064400 0.000000 0.000000 0.000000 1.000000
0.998060 -0.060938 -0.012728 0.000000 0.051673 0.924956 -0.376544 13.784800 0.034719 0.375156 0.926311 0.064400 0.000000 0.000000 0.000000 1.000000
0.999420 -0.031982 0.011674 0.000000 0.034013 0.922816 -0.383736 13.784800 0.001500 0.383911 0.923369 0.064400 0.000000 0.000000 0.000000 1.000000</float_array>
        <technique_common>
          <accessor source="#mixamorig_Spine-Matrix-animation-output-transform-array" count="18" stride="16">
            <param type="float4x4"/>
          </accessor>
        </technique_common>
      </source>
      <source id="mixamorig_Spine-Interpolations">
        <Name_array id="mixamorig_Spine-Interpolations-array" count="18">
 LINEAR LINEAR LINEAR LINEAR LINEAR LINEAR LINEAR LINEAR LINEAR LINEAR LINEAR
LINEAR LINEAR LINEAR LINEAR LINEAR LINEAR LINEAR</Name_array>
        <technique_common>
          <accessor source="#mixamorig_Spine-Interpolations-array" count="18">
            <param type="name"/>
          </accessor>
        </technique_common>
      </source>
      <sampler id="mixamorig_Spine-Matrix-animation-transform">
        <input semantic="INPUT" source="#mixamorig_Spine-Matrix-animation-input"/>
        <input semantic="OUTPUT" source="#mixamorig_Spine-Matrix-animation-output-transform"/>
        <input semantic="INTERPOLATION" source="#mixamorig_Spine-Interpolations"/>
      </sampler>
      <channel source="#mixamorig_Spine-Matrix-animation-transform" target="mixamorig_Spine/matrix"/>
    </animation>
    <animation id="mixamorig_Spine1-anim" name="mixamorig_Spine1">
      <source id="mixamorig_Spine1-Matrix-animation-input">
        <float_array id="mixamorig_Spine1-Matrix-animation-input-array" count="18">

0.000000 0.033333 0.066667 0.100000 0.133333 0.166667 0.200000 0.233333 0.266667 0.300000 0.333333 0.366667 0.400000 0.433333 0.466667 0.500000
0.533333 0.566667</float_array>
        <technique_common>
          <accessor source="#mixamorig_Spine1-Matrix-animation-input-array" count="18">
            <param name="TIME" type="float"/>
          </accessor>
        </technique_common>
      </source>
      <source id="mixamorig_Spine1-Matrix-animation-output-transform">
        <float_array id="mixamorig_Spine1-Matrix-animation-output-transform-array" count="288">

0.999920 0.004889 -0.011654 0.000000 -0.006266 0.992602 -0.121250 12.024300 0.010975 0.121314 0.992554 -0.000000 0.000000 0.000000 0.000000 1.000000
0.999904 0.012944 -0.004952 0.000000 -0.013405 0.994005 -0.108506 12.024300 0.003518 0.108562 0.994083 -0.000000 0.000000 0.000000 0.000000 1.000000
0.999941 0.010781 -0.001151 0.000000 -0.010841 0.996048 -0.088151 12.024300 0.000196 0.088158 0.996106 -0.000000 0.000000 0.000000 0.000000 1.000000
0.999997 0.000075 -0.002254 0.000000 -0.000224 0.997786 -0.066499 12.024300 0.002244 0.066499 0.997784 -0.000000 0.000000 0.000000 0.000000 1.000000
0.999900 -0.012666 -0.006262 0.000000 0.012242 0.997903 -0.063551 12.024300 0.007054 0.063468 0.997959 0.000000 0.000000 0.000000 0.000000 1.000000
0.999796 -0.018410 -0.008319 -0.000000 0.017642 0.996268 -0.084496 12.024300 0.009844 0.084332 0.996389 0.000000 0.000000 0.000000 0.000000 1.000000
0.999834 -0.015747 -0.009144 0.000000 0.014623 0.993581 -0.112172 12.024300 0.010851 0.112019 0.993647 0.000000 0.000000 0.000000 0.000000 1.000000
0.999831 -0.011118 -0.014610 0.000000 0.009103 0.991285 -0.131424 12.024300 0.015944 0.131268 0.991219 0.000000 0.000000 0.000000 0.000000 1.000000
0.999519 -0.017834 -0.025380 0.000000 0.014253 0.990757 -0.134897 12.024300 0.027551 0.134470 0.990535 0.000000 0.000000 0.000000 0.000000 1.000000
0.998694 -0.035278 -0.036949 0.000000 0.030169 0.990960 -0.130722 12.024300 0.041227 0.129436 0.990730 0.000000 0.000000 0.000000 0.000000 1.000000
0.997741 -0.049260 -0.045677 0.000000 0.043353 0.991541 -0.122335 12.024300 0.051317 0.120079 0.991437 0.000000 0.000000 0.000000 0.000000 1.000000
0.997178 -0.055093 -0.050992 0.000000 0.049732 0.993641 -0.101019 12.024300 0.056233 0.098198 0.993577 0.000000 0.000000 0.000000 0.000000 1.000000
0.997364 -0.048592 -0.053878 0.000000 0.044107 0.995695 -0.081517 12.024300 0.057608 0.078926 0.995215 0.000000 0.000000 0.000000 0.000000 1.000000
0.997907 -0.036959 -0.053061 0.000000 0.032726 0.996373 -0.078547 12.024300 0.055771 0.076646 0.995497 -0.000000 0.000000 0.000000 0.000000 1.000000
0.998639 -0.024869 -0.045852 -0.000000 0.020745 0.995875 -0.088333 12.024300 0.047859 0.087261 0.995035 0.000000 0.000000 0.000000 0.000000 1.000000
0.999297 -0.017379 -0.033231 0.000000 0.013739 0.994189 -0.106766 12.024300 0.034894 0.106234 0.993729 0.000000 0.000000 0.000000 0.000000 1.000000
0.999720 -0.009669 -0.021574 -0.000000 0.006951 0.992425 -0.122658 12.024300 0.022597 0.122473 0.992215 -0.000000 0.000000 0.000000 0.000000 1.000000
0.999897 0.000001 -0.014328 0.000000 -0.001786 0.992208 -0.124583 12.024300 0.014217 0.124596 0.992106 -0.000000 0.000000 0.000000 0.000000 1.000000</float_array>
        <technique_common>
          <accessor source="#mixamorig_Spine1-Matrix-animation-output-transform-array" count="18" stride="16">
            <param type="float4x4"/>
          </accessor>
        </technique_common>
      </source>
      <source id="mixamorig_Spine1-Interpolations">
        <Name_array id="mixamorig_Spine1-Interpolations-array" count="18">
 LINEAR LINEAR LINEAR LINEAR LINEAR LINEAR LINEAR LINEAR LINEAR LINEAR LINEAR
LINEAR LINEAR LINEAR LINEAR LINEAR LINEAR LINEAR</Name_array>
        <technique_common>
          <accessor source="#mixamorig_Spine1-Interpolations-array" count="18">
            <param type="name"/>
          </accessor>
        </technique_common>
      </source>
      <sampler id="mixamorig_Spine1-Matrix-animation-transform">
        <input semantic="INPUT" source="#mixamorig_Spine1-Matrix-animation-input"/>
        <input semantic="OUTPUT" source="#mixamorig_Spine1-Matrix-animation-output-transform"/>
        <input semantic="INTERPOLATION" source="#mixamorig_Spine1-Interpolations"/>
      </sampler>
      <channel source="#mixamorig_Spine1-Matrix-animation-transform" target="mixamorig_Spine1/matrix"/>
    </animation>
    <animation id="mixamorig_Spine2-anim" name="mixamorig_Spine2">
      <source id="mixamorig_Spine2-Matrix-animation-input">
        <float_array id="mixamorig_Spine2-Matrix-animation-input-array" count="18">

0.000000 0.033333 0.066667 0.100000 0.133333 0.166667 0.200000 0.233333 0.266667 0.300000 0.333333 0.366667 0.400000 0.433333 0.466667 0.500000
0.533333 0.566667</float_array>
        <technique_common>
          <accessor source="#mixamorig_Spine2-Matrix-animation-input-array" count="18">
            <param name="TIME" type="float"/>
          </accessor>
        </technique_common>
      </source>
      <source id="mixamorig_Spine2-Matrix-animation-output-transform">
        <float_array id="mixamorig_Spine2-Matrix-animation-output-transform-array" count="288">

0.999835 -0.000837 -0.018141 -0.000000 -0.003596 0.970025 -0.242979 17.815800 0.017801 0.243004 0.969862 0.000000 0.000000 0.000000 0.000000 1.000000
0.999906 0.008224 -0.010950 0.000000 -0.010528 0.973003 -0.230554 17.815800 0.008758 0.230647 0.972998 0.000000 0.000000 0.000000 0.000000 1.000000
0.999956 0.006599 -0.006604 0.000000 -0.007842 0.977539 -0.210607 17.815800 0.005065 0.210649 0.977549 0.000000 0.000000 0.000000 0.000000 1.000000
0.999965 -0.004357 -0.007148 0.000000 0.002925 0.981897 -0.189391 17.815800 0.007844 0.189364 0.981876 0.000000 0.000000 0.000000 0.000000 1.000000
0.999792 -0.017683 -0.010170 0.000000 0.015477 0.982325 -0.186544 17.815800 0.013288 0.186348 0.982394 -0.000000 0.000000 0.000000 0.000000 1.000000
0.999643 -0.023728 -0.012253 0.000000 0.020678 0.978100 -0.207105 17.815800 0.016899 0.206777 0.978242 0.000000 0.000000 0.000000 0.000000 1.000000
0.999676 -0.021263 -0.014022 -0.000000 0.017390 0.972038 -0.234179 17.815800 0.018609 0.233859 0.972092 0.000000 0.000000 0.000000 0.000000 1.000000
0.999626 -0.017520 -0.021010 0.000000 0.011641 0.967432 -0.252863 17.815800 0.024756 0.252524 0.967274 0.000000 0.000000 0.000000 0.000000 1.000000
0.999163 -0.025671 -0.031853 0.000000 0.016669 0.966516 -0.256064 17.815800 0.037360 0.255318 0.966135 -0.000000 0.000000 0.000000 0.000000 1.000000
0.998179 -0.044189 -0.041063 0.000000 0.032455 0.967204 -0.251920 17.815800 0.050848 0.250129 0.966877 0.000000 0.000000 0.000000 0.000000 1.000000
0.997164 -0.058653 -0.047156 0.000000 0.045450 0.968750 -0.243841 17.815800 0.059985 0.241006 0.968668 0.000000 0.000000 0.000000 0.000000 1.000000
0.996646 -0.064965 -0.049768 0.000000 0.052291 0.973327 -0.223383 17.815800 0.062953 0.220031 0.973459 0.000000 0.000000 0.000000 0.000000 1.000000
0.996854 -0.059131 -0.052775 0.000000 0.047175 0.977746 -0.204422 17.815800 0.063688 0.201289 0.977459 0.000000 0.000000 0.000000 0.000000 1.000000
0.997425 -0.047285 -0.053916 0.000000 0.035522 0.978877 -0.201339 17.815800 0.062297 0.198906 0.978037 0.000000 0.000000 0.000000 0.000000 1.000000
0.998178 -0.034273 -0.049650 0.000000 0.023085 0.977316 -0.210524 17.815800 0.055739 0.208994 0.976327 0.000000 0.000000 0.000000 0.000000 1.000000
0.998889 -0.025619 -0.039549 0.000000 0.015922 0.973433 -0.228419 17.815800 0.044350 0.227536 0.972759 -0.000000 0.000000 0.000000 0.000000 1.000000
0.999429 -0.016935 -0.029255 0.000000 0.009286 0.969706 -0.244098 17.815800 0.032502 0.243687 0.969309 0.000000 0.000000 0.000000 0.000000 1.000000
0.999752 -0.006238 -0.021363 0.000000 0.000787 0.969223 -0.246183 17.815800 0.022241 0.246106 0.968988 -0.000000 0.000000 0.000000 0.000000 1.000000</float_array>
        <technique_common>
          <accessor source="#mixamorig_Spine2-Matrix-animation-output-transform-array" count="18" stride="16">
            <param type="float4x4"/>
          </accessor>
        </technique_common>
      </source>
      <source id="mixamorig_Spine2-Interpolations">
        <Name_array id="mixamorig_Spine2-Interpolations-array" count="18">
 LINEAR LINEAR LINEAR LINEAR LINEAR LINEAR LINEAR LINEAR LINEAR LINEAR LINEAR
LINEAR LINEAR LINEAR LINEAR LINEAR LINEAR LINEAR</Name_array>
        <technique_common>
          <accessor source="#mixamorig_Spine2-Interpolations-array" count="18">
            <param type="name"/>
          </accessor>
        </technique_common>
      </source>
      <sampler id="mixamorig_Spine2-Matrix-animation-transform">
        <input semantic="INPUT" source="#mixamorig_Spine2-Matrix-animation-input"/>
        <input semantic="OUTPUT" source="#mixamorig_Spine2-Matrix-animation-output-transform"/>
        <input semantic="INTERPOLATION" source="#mixamorig_Spine2-Interpolations"/>
      </sampler>
      <channel source="#mixamorig_Spine2-Matrix-animation-transform" target="mixamorig_Spine2/matrix"/>
    </animation>
    <animation id="mixamorig_Neck-anim" name="mixamorig_Neck">
      <source id="mixamorig_Neck-Matrix-animation-input">
        <float_array id="mixamorig_Neck-Matrix-animation-input-array" count="18">

0.000000 0.033333 0.066667 0.100000 0.133333 0.166667 0.200000 0.233333 0.266667 0.300000 0.333333 0.366667 0.400000 0.433333 0.466667 0.500000
0.533333 0.566667</float_array>
        <technique_common>
          <accessor source="#mixamorig_Neck-Matrix-animation-input-array" count="18">
            <param name="TIME" type="float"/>
          </accessor>
        </technique_common>
      </source>
      <source id="mixamorig_Neck-Matrix-animation-output-transform">
        <float_array id="mixamorig_Neck-Matrix-animation-output-transform-array" count="288">

0.994673 -0.096132 -0.037197 0.000000 0.102291 0.876075 0.471200 39.117599 -0.012710 -0.472495 0.881242 11.977000 0.000000 0.000000 0.000000 1.000000
0.994127 -0.095877 -0.050195 0.000000 0.108195 0.890825 0.441277 39.117599 0.002407 -0.444116 0.895966 11.977000 0.000000 0.000000 0.000000 1.000000
0.991429 -0.107230 -0.074629 0.000000 0.127782 0.914830 0.383091 39.117599 0.027194 -0.389344 0.920691 11.977000 0.000000 0.000000 0.000000 1.000000
0.987144 -0.128126 -0.095558 0.000000 0.153102 0.929671 0.335070 39.117599 0.045907 -0.345392 0.937335 11.977000 0.000000 0.000000 0.000000 1.000000
0.984431 -0.144181 -0.100540 0.000000 0.169278 0.931708 0.321348 39.117599 0.047342 -0.333364 0.941609 11.977000 0.000000 0.000000 0.000000 1.000000
0.985692 -0.142857 -0.089465 0.000000 0.164734 0.928860 0.331786 39.117599 0.035702 -0.341777 0.939103 11.977000 0.000000 0.000000 0.000000 1.000000
0.989409 -0.125344 -0.073209 -0.000000 0.143393 0.922370 0.358710 39.117599 0.022564 -0.365408 0.930574 11.977000 0.000000 0.000000 0.000000 1.000000
0.993202 -0.103247 -0.053755 0.000000 0.116174 0.908136 0.402234 39.117599 0.007287 -0.405745 0.913957 11.977000 0.000000 0.000000 0.000000 1.000000
0.996727 -0.077808 -0.021931 -0.000000 0.079620 0.897903 0.432934 39.117599 -0.013994 -0.433263 0.901159 11.977000 0.000000 0.000000 0.000000 1.000000
0.998525 -0.051509 0.017169 -0.000000 0.039316 0.904031 0.425656 39.117599 -0.037447 -0.424353 0.904722 11.977000 0.000000 0.000000 0.000000 1.000000
0.998353 -0.033458 0.046601 0.000000 0.012452 0.919332 0.393285 39.117599 -0.056001 -0.392057 0.918235 11.977000 0.000000 0.000000 0.000000 1.000000
0.997853 -0.019737 0.062455 0.000000 -0.004162 0.932487 0.361180 39.117599 -0.065367 -0.360664 0.930402 11.977000 0.000000 0.000000 0.000000 1.000000
0.997935 -0.010865 0.063299 0.000000 -0.011972 0.936840 0.349553 39.117599 -0.063099 -0.349589 0.934776 11.977000 0.000000 0.000000 0.000000 1.000000
0.998974 -0.011740 0.043749 0.000000 -0.004392 0.936169 0.351524 39.117599 -0.045083 -0.351355 0.935156 11.977000 0.000000 0.000000 0.000000 1.000000
0.999466 -0.031518 0.008655 -0.000000 0.026369 0.934018 0.356250 39.117599 -0.019312 -0.355832 0.934350 11.977000 0.000000 0.000000 0.000000 1.000000
0.997991 -0.060091 -0.020081 0.000000 0.063205 0.922278 0.381325 39.117599 -0.004394 -0.381828 0.924223 11.977000 0.000000 0.000000 0.000000 1.000000
0.996046 -0.083320 -0.030814 0.000000 0.088471 0.899017 0.428884 39.117599 -0.008033 -0.429914 0.902834 11.977000 0.000000 0.000000 0.000000 1.000000
0.994953 -0.094388 -0.034052 0.000000 0.099351 0.879081 0.466204 39.117599 -0.014070 -0.467234 0.884022 11.977000 0.000000 0.000000 0.000000 1.000000</float_array>
        <technique_common>
          <accessor source="#mixamorig_Neck-Matrix-animation-output-transform-array" count="18" stride="16">
            <param type="float4x4"/>
          </accessor>
        </technique_common>
      </source>
      <source id="mixamorig_Neck-Interpolations">
        <Name_array id="mixamorig_Neck-Interpolations-array" count="18">
 LINEAR LINEAR LINEAR LINEAR LINEAR LINEAR LINEAR LINEAR LINEAR LINEAR LINEAR
LINEAR LINEAR LINEAR LINEAR LINEAR LINEAR LINEAR</Name_array>
        <technique_common>
          <accessor source="#mixamorig_Neck-Interpolations-array" count="18">
            <param type="name"/>
          </accessor>
        </technique_common>
      </source>
      <sampler id="mixamorig_Neck-Matrix-animation-transform">
        <input semantic="INPUT" source="#mixamorig_Neck-Matrix-animation-input"/>
        <input semantic="OUTPUT" source="#mixamorig_Neck-Matrix-animation-output-transform"/>
        <input semantic="INTERPOLATION" source="#mixamorig_Neck-Interpolations"/>
      </sampler>
      <channel source="#mixamorig_Neck-Matrix-animation-transform" target="mixamorig_Neck/matrix"/>
    </animation>
    <animation id="mixamorig_Head-anim" name="mixamorig_Head">
      <source id="mixamorig_Head-Matrix-animation-input">
        <float_array id="mixamorig_Head-Matrix-animation-input-array" count="18">

0.000000 0.033333 0.066667 0.100000 0.133333 0.166667 0.200000 0.233333 0.266667 0.300000 0.333333 0.366667 0.400000 0.433333 0.466667 0.500000
0.533333 0.566667</float_array>
        <technique_common>
          <accessor source="#mixamorig_Head-Matrix-animation-input-array" count="18">
            <param name="TIME" type="float"/>
          </accessor>
        </technique_common>
      </source>
      <source id="mixamorig_Head-Matrix-animation-output-transform">
        <float_array id="mixamorig_Head-Matrix-animation-output-transform-array" count="288">

0.999998 0.002015 0.000528 -0.000000 -0.001745 0.671800 0.740731 14.552500 0.001138 -0.740730 0.671802 15.664100 0.000000 0.000000 0.000000 1.000000
0.999479 -0.014263 -0.028966 -0.000000 0.031140 0.662884 0.748074 14.552500 0.008531 -0.748586 0.662983 15.664100 0.000000 0.000000 0.000000 1.000000
0.999211 -0.005651 -0.039310 0.000000 0.033482 0.652190 0.757316 14.552500 0.021358 -0.758034 0.651865 15.664100 0.000000 0.000000 0.000000 1.000000
0.999560 0.016598 -0.024574 0.000000 0.007500 0.660241 0.751016 14.552500 0.028690 -0.750870 0.659826 15.664100 0.000000 0.000000 0.000000 1.000000
0.999497 0.031700 -0.000592 -0.000000 -0.020895 0.672606 0.739706 14.552500 0.023847 -0.739322 0.672930 15.664100 0.000000 0.000000 0.000000 1.000000
0.999551 0.028313 0.009809 0.000000 -0.026162 0.665042 0.746347 14.552500 0.014608 -0.746269 0.665484 15.664100 0.000000 0.000000 0.000000 1.000000
0.999694 0.023461 0.007836 0.000000 -0.021109 0.644116 0.764636 14.552500 0.012892 -0.764568 0.644415 15.664100 0.000000 0.000000 0.000000 1.000000
0.999546 0.027865 0.011483 0.000000 -0.026589 0.635896 0.771317 14.552500 0.014191 -0.771272 0.636348 15.664100 0.000000 0.000000 0.000000 1.000000
0.998741 0.038971 0.031590 0.000000 -0.049266 0.643197 0.764114 14.552500 0.009459 -0.764709 0.644307 15.664100 0.000000 0.000000 0.000000 1.000000
0.996724 0.051730 0.062177 0.000000 -0.080882 0.637308 0.766353 14.552500 0.000017 -0.768871 0.639404 15.664100 0.000000 0.000000 0.000000 1.000000
0.993878 0.062762 0.090927 0.000000 -0.110252 0.616736 0.779411 14.552500 -0.007160 -0.784664 0.619880 15.664100 0.000000 0.000000 0.000000 1.000000
0.991633 0.070099 0.108399 0.000000 -0.128498 0.616345 0.776921 14.552500 -0.012350 -0.784350 0.620196 15.664100 0.000000 0.000000 0.000000 1.000000
0.993156 0.063483 0.098039 -0.000000 -0.115916 0.638687 0.760686 14.552500 -0.014326 -0.766844 0.641674 15.664100 0.000000 0.000000 0.000000 1.000000
0.996420 0.052007 0.066658 0.000000 -0.084422 0.654754 0.751112 14.552500 -0.004581 -0.754050 0.656801 15.664100 0.000000 0.000000 0.000000 1.000000
0.998345 0.044899 0.035922 0.000000 -0.056526 0.651814 0.756269 14.552500 0.010542 -0.757048 0.653274 15.664100 0.000000 0.000000 0.000000 1.000000
0.998994 0.039887 0.020486 0.000000 -0.041333 0.642015 0.765577 14.552500 0.017385 -0.765654 0.643018 15.664100 0.000000 0.000000 0.000000 1.000000
0.999593 0.024998 0.013780 -0.000000 -0.026688 0.647205 0.761848 14.552500 0.010127 -0.761906 0.647609 15.664100 0.000000 0.000000 0.000000 1.000000
0.999951 0.007588 0.006402 0.000000 -0.009829 0.665666 0.746185 14.552500 0.001401 -0.746211 0.665708 15.664100 0.000000 0.000000 0.000000 1.000000</float_array>
        <technique_common>
          <accessor source="#mixamorig_Head-Matrix-animation-output-transform-array" count="18" stride="16">
            <param type="float4x4"/>
          </accessor>
        </technique_common>
      </source>
      <source id="mixamorig_Head-Interpolations">
        <Name_array id="mixamorig_Head-Interpolations-array" count="18">
 LINEAR LINEAR LINEAR LINEAR LINEAR LINEAR LINEAR LINEAR LINEAR LINEAR LINEAR
LINEAR LINEAR LINEAR LINEAR LINEAR LINEAR LINEAR</Name_array>
        <technique_common>
          <accessor source="#mixamorig_Head-Interpolations-array" count="18">
            <param type="name"/>
          </accessor>
        </technique_common>
      </source>
      <sampler id="mixamorig_Head-Matrix-animation-transform">
        <input semantic="INPUT" source="#mixamorig_Head-Matrix-animation-input"/>
        <input semantic="OUTPUT" source="#mixamorig_Head-Matrix-animation-output-transform"/>
        <input semantic="INTERPOLATION" source="#mixamorig_Head-Interpolations"/>
      </sampler>
      <channel source="#mixamorig_Head-Matrix-animation-transform" target="mixamorig_Head/matrix"/>
    </animation>
    <animation id="mixamorig_LeftShoulder-anim" name="mixamorig_LeftShoulder">
      <source id="mixamorig_LeftShoulder-Matrix-animation-input">
        <float_array id="mixamorig_LeftShoulder-Matrix-animation-input-array" count="18">

0.000000 0.033333 0.066667 0.100000 0.133333 0.166667 0.200000 0.233333 0.266667 0.300000 0.333333 0.366667 0.400000 0.433333 0.466667 0.500000
0.533333 0.566667</float_array>
        <technique_common>
          <accessor source="#mixamorig_LeftShoulder-Matrix-animation-input-array" count="18">
            <param name="TIME" type="float"/>
          </accessor>
        </technique_common>
      </source>
      <source id="mixamorig_LeftShoulder-Matrix-animation-output-transform">
        <float_array id="mixamorig_LeftShoulder-Matrix-animation-output-transform-array" count="288">

-0.115748 0.895818 0.429083 17.399500 0.079933 0.438986 -0.894931 24.614201 -0.990057 -0.069288 -0.122417 1.157900 0.000000 0.000000 0.000000 1.000000
-0.107388 0.896701 0.429413 17.399500 0.079296 0.438260 -0.895344 24.614201 -0.991050 -0.062099 -0.118169 1.157900 0.000000 0.000000 0.000000 1.000000
-0.097665 0.904147 0.415908 17.399500 0.082084 0.423801 -0.902028 24.614201 -0.991828 -0.053957 -0.115606 1.157900 0.000000 0.000000 0.000000 1.000000
-0.095647 0.914343 0.393483 17.399500 0.087555 0.401491 -0.911668 24.614201 -0.991557 -0.052747 -0.118457 1.157900 0.000000 0.000000 0.000000 1.000000
-0.102053 0.918340 0.382410 17.399500 0.090879 0.391416 -0.915715 24.614201 -0.990619 -0.058698 -0.123403 1.157900 0.000000 0.000000 0.000000 1.000000
-0.105351 0.910938 0.398865 17.399500 0.086963 0.408000 -0.908831 24.614201 -0.990625 -0.061060 -0.122201 1.157900 0.000000 0.000000 0.000000 1.000000
-0.098605 0.896914 0.431071 17.399500 0.078251 0.438829 -0.895157 24.614201 -0.992045 -0.054535 -0.113455 1.157900 0.000000 0.000000 0.000000 1.000000
-0.092711 0.887283 0.451812 17.399500 0.072638 0.458584 -0.885677 24.614201 -0.993040 -0.049293 -0.106966 1.157900 0.000000 0.000000 0.000000 1.000000
-0.093891 0.888974 0.448229 17.399500 0.073623 0.455185 -0.887348 24.614201 -0.992857 -0.050314 -0.108187 1.157900 0.000000 0.000000 0.000000 1.000000
-0.096381 0.898185 0.428923 17.399500 0.078623 0.436453 -0.896285 24.614201 -0.992234 -0.052662 -0.112684 1.157900 0.000000 0.000000 0.000000 1.000000
-0.100407 0.905601 0.412075 17.399500 0.083110 0.420354 -0.903546 24.614201 -0.991469 -0.056475 -0.117471 1.157900 0.000000 0.000000 0.000000 1.000000
-0.113257 0.907413 0.404692 17.399500 0.085973 0.414735 -0.905872 24.614201 -0.989839 -0.067803 -0.124985 1.157900 0.000000 0.000000 0.000000 1.000000
-0.129879 0.906259 0.402275 17.399500 0.087887 0.414637 -0.905733 24.614201 -0.987627 -0.082281 -0.133501 1.157900 0.000000 0.000000 0.000000 1.000000
-0.131838 0.904245 0.406153 17.399500 0.087004 0.418703 -0.903946 24.614201 -0.987446 -0.083838 -0.133874 1.157900 0.000000 0.000000 0.000000 1.000000
-0.114266 0.902147 0.416023 17.399500 0.083134 0.425980 -0.900905 24.614201 -0.989966 -0.068357 -0.123674 1.157900 0.000000 0.000000 0.000000 1.000000
-0.096533 0.901563 0.421741 17.399500 0.080363 0.429396 -0.899534 24.614201 -0.992080 -0.052942 -0.113904 1.157900 0.000000 0.000000 0.000000 1.000000
-0.097988 0.900649 0.423354 17.399500 0.080075 0.431158 -0.898716 24.614201 -0.991961 -0.054164 -0.114368 1.157900 0.000000 0.000000 0.000000 1.000000
-0.111525 0.897301 0.427098 17.399500 0.080138 0.436500 -0.896128 24.614201 -0.990525 -0.065714 -0.120589 1.157900 0.000000 0.000000 0.000000 1.000000</float_array>
        <technique_common>
          <accessor source="#mixamorig_LeftShoulder-Matrix-animation-output-transform-array" count="18" stride="16">
            <param type="float4x4"/>
          </accessor>
        </technique_common>
      </source>
      <source id="mixamorig_LeftShoulder-Interpolations">
        <Name_array id="mixamorig_LeftShoulder-Interpolations-array" count="18">
 LINEAR LINEAR LINEAR LINEAR LINEAR LINEAR LINEAR LINEAR LINEAR LINEAR LINEAR
LINEAR LINEAR LINEAR LINEAR LINEAR LINEAR LINEAR</Name_array>
        <technique_common>
          <accessor source="#mixamorig_LeftShoulder-Interpolations-array" count="18">
            <param type="name"/>
          </accessor>
        </technique_common>
      </source>
      <sampler id="mixamorig_LeftShoulder-Matrix-animation-transform">
        <input semantic="INPUT" source="#mixamorig_LeftShoulder-Matrix-animation-input"/>
        <input semantic="OUTPUT" source="#mixamorig_LeftShoulder-Matrix-animation-output-transform"/>
        <input semantic="INTERPOLATION" source="#mixamorig_LeftShoulder-Interpolations"/>
      </sampler>
      <channel source="#mixamorig_LeftShoulder-Matrix-animation-transform" target="mixamorig_LeftShoulder/matrix"/>
    </animation>
    <animation id="mixamorig_LeftArm-anim" name="mixamorig_LeftArm">
      <source id="mixamorig_LeftArm-Matrix-animation-input">
        <float_array id="mixamorig_LeftArm-Matrix-animation-input-array" count="18">

0.000000 0.033333 0.066667 0.100000 0.133333 0.166667 0.200000 0.233333 0.266667 0.300000 0.333333 0.366667 0.400000 0.433333 0.466667 0.500000
0.533333 0.566667</float_array>
        <technique_common>
          <accessor source="#mixamorig_LeftArm-Matrix-animation-input-array" count="18">
            <param name="TIME" type="float"/>
          </accessor>
        </technique_common>
      </source>
      <source id="mixamorig_LeftArm-Matrix-animation-output-transform">
        <float_array id="mixamorig_LeftArm-Matrix-animation-output-transform-array" count="288">

0.816162 -0.094434 0.570055 -0.000000 0.577102 0.182494 -0.796021 19.910400 -0.028860 0.978661 0.203443 -0.000000 0.000000 0.000000 0.000000 1.000000
0.822783 -0.090565 0.561093 0.000000 0.567614 0.181334 -0.803077 19.910400 -0.029014 0.979243 0.200604 0.000000 0.000000 0.000000 0.000000 1.000000
0.837409 -0.058934 0.543390 0.000000 0.544462 0.177297 -0.819833 19.910400 -0.048025 0.982391 0.180558 0.000000 0.000000 0.000000 0.000000 1.000000
0.858252 -0.008633 0.513155 -0.000000 0.507201 0.167049 -0.845483 19.910400 -0.078422 0.985911 0.147749 0.000000 0.000000 0.000000 0.000000 1.000000
0.872737 0.027559 0.487412 0.000000 0.478472 0.149941 -0.865206 19.910400 -0.096928 0.988311 0.117673 -0.000000 0.000000 0.000000 0.000000 1.000000
0.869094 0.037365 0.493233 0.000000 0.484993 0.131672 -0.864549 19.910400 -0.097249 0.990589 0.096313 0.000000 0.000000 0.000000 0.000000 1.000000
0.843400 0.032899 0.536277 0.000000 0.528485 0.129119 -0.839066 19.910400 -0.096848 0.991083 0.091513 0.000000 0.000000 0.000000 0.000000 1.000000
0.812462 0.017606 0.582748 -0.000000 0.573968 0.151236 -0.804791 19.910400 -0.102301 0.988341 0.112769 0.000000 0.000000 0.000000 0.000000 1.000000
0.810170 -0.003028 0.586188 0.000000 0.579123 0.158998 -0.799585 19.910400 -0.090781 0.987274 0.130570 0.000000 0.000000 0.000000 0.000000 1.000000
0.825662 -0.022956 0.563698 0.000000 0.560795 0.142456 -0.815607 19.910400 -0.061579 0.989535 0.130495 0.000000 0.000000 0.000000 0.000000 1.000000
0.828818 -0.039476 0.558124 0.000000 0.558612 0.115132 -0.821400 19.910400 -0.031832 0.992566 0.117475 0.000000 0.000000 0.000000 0.000000 1.000000
0.820224 -0.035785 0.570922 0.000000 0.571850 0.077204 -0.816718 19.910400 -0.014851 0.996373 0.083788 0.000000 0.000000 0.000000 0.000000 1.000000
0.812134 -0.018965 0.583162 0.000000 0.582912 0.070104 -0.809506 19.910400 -0.025530 0.997359 0.067989 0.000000 0.000000 0.000000 0.000000 1.000000
0.817519 -0.000547 0.575902 0.000000 0.573372 0.094403 -0.813838 19.910400 -0.053922 0.995534 0.077490 0.000000 0.000000 0.000000 0.000000 1.000000
0.831129 0.026706 0.555438 -0.000000 0.548115 0.129102 -0.826379 19.910400 -0.093777 0.991272 0.092663 -0.000000 0.000000 0.000000 0.000000 1.000000
0.835026 0.024774 0.549652 0.000000 0.539291 0.161184 -0.826550 19.910400 -0.109072 0.986613 0.121233 0.000000 0.000000 0.000000 0.000000 1.000000
0.824941 -0.020154 0.564860 0.000000 0.558340 0.184502 -0.808836 19.910400 -0.087916 0.982626 0.163456 -0.000000 0.000000 0.000000 0.000000 1.000000
0.816266 -0.074076 0.572908 0.000000 0.575724 0.185794 -0.796255 19.910400 -0.047459 0.979793 0.194305 0.000000 0.000000 0.000000 0.000000 1.000000</float_array>
        <technique_common>
          <accessor source="#mixamorig_LeftArm-Matrix-animation-output-transform-array" count="18" stride="16">
            <param type="float4x4"/>
          </accessor>
        </technique_common>
      </source>
      <source id="mixamorig_LeftArm-Interpolations">
        <Name_array id="mixamorig_LeftArm-Interpolations-array" count="18">
 LINEAR LINEAR LINEAR LINEAR LINEAR LINEAR LINEAR LINEAR LINEAR LINEAR LINEAR
LINEAR LINEAR LINEAR LINEAR LINEAR LINEAR LINEAR</Name_array>
        <technique_common>
          <accessor source="#mixamorig_LeftArm-Interpolations-array" count="18">
            <param type="name"/>
          </accessor>
        </technique_common>
      </source>
      <sampler id="mixamorig_LeftArm-Matrix-animation-transform">
        <input semantic="INPUT" source="#mixamorig_LeftArm-Matrix-animation-input"/>
        <input semantic="OUTPUT" source="#mixamorig_LeftArm-Matrix-animation-output-transform"/>
        <input semantic="INTERPOLATION" source="#mixamorig_LeftArm-Interpolations"/>
      </sampler>
      <channel source="#mixamorig_LeftArm-Matrix-animation-transform" target="mixamorig_LeftArm/matrix"/>
    </animation>
    <animation id="mixamorig_LeftForeArm-anim" name="mixamorig_LeftForeArm">
      <source id="mixamorig_LeftForeArm-Matrix-animation-input">
        <float_array id="mixamorig_LeftForeArm-Matrix-animation-input-array" count="18">

0.000000 0.033333 0.066667 0.100000 0.133333 0.166667 0.200000 0.233333 0.266667 0.300000 0.333333 0.366667 0.400000 0.433333 0.466667 0.500000
0.533333 0.566667</float_array>
        <technique_common>
          <accessor source="#mixamorig_LeftForeArm-Matrix-animation-input-array" count="18">
            <param name="TIME" type="float"/>
          </accessor>
        </technique_common>
      </source>
      <source id="mixamorig_LeftForeArm-Matrix-animation-output-transform">
        <float_array id="mixamorig_LeftForeArm-Matrix-animation-output-transform-array" count="288">

0.853939 -0.484690 -0.189375 0.000000 0.428890 0.861644 -0.271335 49.301300 0.294688 0.150483 0.943671 0.000000 0.000000 0.000000 0.000000 1.000000
0.859649 -0.486707 -0.155308 0.000000 0.438363 0.858834 -0.265034 49.301300 0.262377 0.159755 0.951649 0.000000 0.000000 0.000000 0.000000 1.000000
0.861912 -0.495338 -0.108386 0.000000 0.457340 0.851742 -0.255688 49.301300 0.218969 0.170811 0.960664 0.000000 0.000000 0.000000 0.000000 1.000000
0.860812 -0.505135 -0.061975 -0.000000 0.477519 0.843800 -0.244903 49.301300 0.176004 0.181221 0.967565 0.000000 0.000000 0.000000 0.000000 1.000000
0.857988 -0.511611 -0.045936 0.000000 0.487837 0.839578 -0.239004 49.301300 0.160844 0.182654 0.969931 0.000000 0.000000 0.000000 0.000000 1.000000
0.858107 -0.508564 -0.070822 0.000000 0.479186 0.842711 -0.245398 49.301300 0.184482 0.176641 0.966832 0.000000 0.000000 0.000000 0.000000 1.000000
0.860308 -0.494090 -0.125475 0.000000 0.450999 0.852441 -0.264472 49.301300 0.237633 0.170938 0.956196 0.000000 0.000000 0.000000 0.000000 1.000000
0.854512 -0.480321 -0.197741 0.000000 0.418803 0.862285 -0.284724 49.301300 0.307268 0.160486 0.937993 0.000000 0.000000 0.000000 0.000000 1.000000
0.842341 -0.481991 -0.241135 0.000000 0.411811 0.864248 -0.288941 49.301300 0.347667 0.144085 0.926481 0.000000 0.000000 0.000000 0.000000 1.000000
