<?xml version="1.0" encoding="utf-8"?>
<COLLADA xmlns="http://www.collada.org/2005/11/COLLADASchema" version="1.4.1">
  <asset>
    <contributor>
      <author>Mixamo</author>
      <authoring_tool>COLLADA Mixamo exporter</authoring_tool>
      <comments/>
    </contributor>
    <created>2025-04-13T02:13:15Z</created>
    <modified>2025-04-13T02:13:15Z</modified>
    <revision/>
    <title/>
    <unit meter="0.010000"/>
    <up_axis>Y_UP</up_axis>
  </asset>
  <library_animations>
    <animation id="mixamorig_Hips-anim" name="mixamorig_Hips">
      <source id="mixamorig_Hips-Matrix-animation-input">
        <float_array id="mixamorig_Hips-Matrix-animation-input-array" count="44">

0.000000 0.033333 0.066667 0.100000 0.133333 0.166667 0.200000 0.233333 0.266667 0.300000 0.333333 0.366667 0.400000 0.433333 0.466667 0.500000
0.533333 0.566667 0.600000 0.633333 0.666667 0.700000 0.733333 0.766667 0.800000 0.833333 0.866667 0.900000 0.933333 0.966667 1.000000 1.033333
1.066667 1.100000 1.133333 1.166667 1.200000 1.233333 1.266667 1.300000 1.333333 1.366667 1.400000 1.433333</float_array>
        <technique_common>
          <accessor source="#mixamorig_Hips-Matrix-animation-input-array" count="44">
            <param name="TIME" type="float"/>
          </accessor>
        </technique_common>
      </source>
      <source id="mixamorig_Hips-Matrix-animation-output-transform">
        <float_array id="mixamorig_Hips-Matrix-animation-output-transform-array" count="704">

0.999318 0.026097 0.026137 1.117865 -0.027724 0.997569 0.063935 87.064667 -0.024405 -0.064616 0.997612 2.857624 0.000000 0.000000 0.000000 1.000000
0.999139 0.020821 0.035876 0.813448 -0.023310 0.997246 0.070408 88.738144 -0.034311 -0.071183 0.996873 5.970462 0.000000 0.000000 0.000000 1.000000
0.998898 0.014074 0.044766 0.549441 -0.017395 0.997056 0.074677 90.264076 -0.043583 -0.075374 0.996202 8.851862 0.000000 0.000000 0.000000 1.000000
0.998578 0.009255 0.052507 0.303075 -0.013146 0.997153 0.074244 91.459808 -0.051670 -0.074828 0.995857 11.560726 0.000000 0.000000 0.000000 1.000000
0.998238 0.011103 0.058294 0.078404 -0.014882 0.997787 0.064806 91.918686 -0.057445 -0.065559 0.996194 14.159664 0.000000 0.000000 0.000000 1.000000
0.997857 0.020469 0.062147 0.017675 -0.023886 0.998214 0.054750 91.466118 -0.060915 -0.056117 0.996564 16.853863 0.000000 0.000000 0.000000 1.000000
0.997329 0.032475 0.065417 0.169236 -0.035618 0.998238 0.047465 90.349670 -0.063760 -0.049669 0.996728 19.835239 0.000000 0.000000 0.000000 1.000000
0.996769 0.038155 0.070677 0.429209 -0.041115 0.998316 0.040912 89.311699 -0.068997 -0.043685 0.996660 22.914938 0.000000 0.000000 0.000000 1.000000
0.996382 0.036970 0.076524 0.796103 -0.039722 0.998606 0.034759 88.625038 -0.075132 -0.037673 0.996462 26.087364 0.000000 0.000000 0.000000 1.000000
0.996291 0.031398 0.080109 1.421440 -0.033841 0.998997 0.029316 87.994080 -0.079108 -0.031919 0.996355 29.809608 0.000000 0.000000 0.000000 1.000000
0.996715 0.025684 0.076807 2.268677 -0.027691 0.999299 0.025184 87.358582 -0.076107 -0.027228 0.996728 34.034294 0.000000 0.000000 0.000000 1.000000
0.997626 0.017376 0.066640 3.231519 -0.018844 0.999592 0.021467 86.981071 -0.066240 -0.022671 0.997546 38.362930 0.000000 0.000000 0.000000 1.000000
0.998752 0.004656 0.049729 4.189229 -0.005707 0.999763 0.021005 86.627899 -0.049620 -0.021262 0.998542 42.411064 0.000000 0.000000 0.000000 1.000000
0.999574 -0.012944 0.026140 5.076624 0.012194 0.999515 0.028650 86.154861 -0.026498 -0.028319 0.999248 46.002117 0.000000 0.000000 0.000000 1.000000
0.999469 -0.032505 -0.002245 5.839753 0.032573 0.998448 0.045162 85.425201 0.000774 -0.045211 0.998977 49.175259 0.000000 0.000000 0.000000 1.000000
0.998224 -0.050434 -0.031691 6.424135 0.052374 0.996594 0.063703 84.492691 0.028371 -0.065249 0.997466 52.049164 0.000000 0.000000 0.000000 1.000000
0.996233 -0.063255 -0.059319 6.945261 0.067713 0.994773 0.076425 83.766991 0.054175 -0.080154 0.995309 54.892742 0.000000 0.000000 0.000000 1.000000
0.994036 -0.070886 -0.082870 7.498400 0.077684 0.993608 0.081902 83.381737 0.076534 -0.087851 0.993189 57.995369 0.000000 0.000000 0.000000 1.000000
0.992176 -0.075402 -0.099504 8.036787 0.083874 0.992938 0.083898 83.324158 0.092476 -0.091587 0.991494 61.395115 0.000000 0.000000 0.000000 1.000000
0.991228 -0.076979 -0.107432 8.553577 0.086483 0.992465 0.086796 83.720474 0.099941 -0.095326 0.990416 64.843216 0.000000 0.000000 0.000000 1.000000
0.991283 -0.074619 -0.108580 9.018061 0.084823 0.992083 0.092606 84.612900 0.100810 -0.101009 0.989765 68.188904 0.000000 0.000000 0.000000 1.000000
0.991887 -0.067744 -0.107571 9.405186 0.078650 0.991812 0.100609 85.891739 0.099874 -0.108253 0.989094 71.460152 0.000000 0.000000 0.000000 1.000000
0.992540 -0.057517 -0.107498 9.719036 0.069106 0.991813 0.107384 87.350708 0.100442 -0.114012 0.988389 74.730225 0.000000 0.000000 0.000000 1.000000
0.992937 -0.047261 -0.108826 9.987748 0.059044 0.992425 0.107730 88.803864 0.102910 -0.113394 0.988206 77.947418 0.000000 0.000000 0.000000 1.000000
0.993061 -0.039638 -0.110716 10.245764 0.050663 0.993835 0.098613 90.027512 0.106125 -0.103538 0.988948 80.981140 0.000000 0.000000 0.000000 1.000000
0.993111 -0.035052 -0.111809 10.502226 0.044283 0.995716 0.081176 90.835800 0.108485 -0.085568 0.990409 83.751701 0.000000 0.000000 0.000000 1.000000
0.993278 -0.035362 -0.110223 10.681043 0.041965 0.997424 0.058172 91.044876 0.107882 -0.062407 0.992203 86.345573 0.000000 0.000000 0.000000 1.000000
0.993622 -0.041150 -0.104990 10.609541 0.044807 0.998460 0.032711 90.383781 0.103482 -0.037206 0.993935 89.027336 0.000000 0.000000 0.000000 1.000000
0.993775 -0.056915 -0.095769 10.120975 0.058089 0.998266 0.009514 88.513626 0.095061 -0.015018 0.995358 92.252510 0.000000 0.000000 0.000000 1.000000
0.993915 -0.061744 -0.091219 9.676455 0.061189 0.998087 -0.008872 87.529457 0.091593 0.003237 0.995791 95.320168 0.000000 0.000000 0.000000 1.000000
0.994084 -0.056375 -0.092836 9.256845 0.054627 0.998280 -0.021263 87.486206 0.093875 0.016066 0.995454 98.402550 0.000000 0.000000 0.000000 1.000000
0.994351 -0.046020 -0.095644 8.663000 0.043639 0.998687 -0.026843 87.299484 0.096754 0.022518 0.995054 101.953781 0.000000 0.000000 0.000000 1.000000
0.995067 -0.037089 -0.092014 7.844122 0.034885 0.999067 -0.025442 86.786514 0.092872 0.022107 0.995433 105.858276 0.000000 0.000000 0.000000 1.000000
0.996184 -0.026748 -0.083082 6.914539 0.025336 0.999517 -0.018008 86.227463 0.083523 0.015834 0.996380 109.691559 0.000000 0.000000 0.000000 1.000000
0.997376 -0.014880 -0.070856 5.928751 0.014506 0.999878 -0.005791 85.496765 0.070933 0.004748 0.997470 113.336327 0.000000 0.000000 0.000000 1.000000
0.998331 0.001517 -0.057730 5.037929 -0.001039 0.999965 0.008310 84.549492 0.057740 -0.008236 0.998298 116.689529 0.000000 0.000000 0.000000 1.000000
0.998786 0.019433 -0.045274 4.350497 -0.018495 0.999607 0.021045 83.307343 0.045665 -0.020182 0.998753 119.795311 0.000000 0.000000 0.000000 1.000000
0.998791 0.034323 -0.035197 3.854665 -0.033259 0.998986 0.030357 82.183884 0.036203 -0.029150 0.998919 122.833191 0.000000 0.000000 0.000000 1.000000
0.998810 0.041225 -0.026050 3.406799 -0.040278 0.998543 0.035907 81.682167 0.027492 -0.034815 0.999016 126.061638 0.000000 0.000000 0.000000 1.000000
0.999047 0.040702 -0.015740 2.943799 -0.040058 0.998427 0.039236 81.887360 0.017312 -0.038569 0.999106 129.496933 0.000000 0.000000 0.000000 1.000000
0.999290 0.037292 -0.005316 2.504069 -0.037029 0.998383 0.043119 82.666145 0.006916 -0.042892 0.999056 132.997437 0.000000 0.000000 0.000000 1.000000
0.999404 0.034071 0.005475 1.984218 -0.034303 0.998162 0.049966 83.967712 -0.003763 -0.050124 0.998736 136.452408 0.000000 0.000000 0.000000 1.000000
0.999403 0.030553 0.016117 1.505814 -0.031427 0.997872 0.057135 85.454407 -0.014337 -0.057607 0.998236 139.819305 0.000000 0.000000 0.000000 1.000000
0.999318 0.026099 0.026137 1.111358 -0.027725 0.997569 0.063934 87.064934 -0.024405 -0.064616 0.997612 143.069534 0.000000 0.000000 0.000000 1.000000</float_array>
        <technique_common>
          <accessor source="#mixamorig_Hips-Matrix-animation-output-transform-array" count="44" stride="16">
            <param type="float4x4"/>
          </accessor>
        </technique_common>
      </source>
      <source id="mixamorig_Hips-Interpolations">
        <Name_array id="mixamorig_Hips-Interpolations-array" count="44">
 LINEAR LINEAR LINEAR LINEAR LINEAR LINEAR LINEAR LINEAR LINEAR LINEAR LINEAR
LINEAR LINEAR LINEAR LINEAR LINEAR LINEAR LINEAR LINEAR LINEAR LINEAR LINEAR LINEAR
LINEAR LINEAR LINEAR LINEAR LINEAR LINEAR LINEAR LINEAR LINEAR LINEAR LINEAR LINEAR
LINEAR LINEAR LINEAR LINEAR LINEAR LINEAR LINEAR LINEAR LINEAR</Name_array>
        <technique_common>
          <accessor source="#mixamorig_Hips-Interpolations-array" count="44">
            <param type="name"/>
          </accessor>
        </technique_common>
      </source>
      <sampler id="mixamorig_Hips-Matrix-animation-transform">
        <input semantic="INPUT" source="#mixamorig_Hips-Matrix-animation-input"/>
        <input semantic="OUTPUT" source="#mixamorig_Hips-Matrix-animation-output-transform"/>
        <input semantic="INTERPOLATION" source="#mixamorig_Hips-Interpolations"/>
      </sampler>
      <channel source="#mixamorig_Hips-Matrix-animation-transform" target="mixamorig_Hips/matrix"/>
    </animation>
    <animation id="mixamorig_Spine-anim" name="mixamorig_Spine">
      <source id="mixamorig_Spine-Matrix-animation-input">
        <float_array id="mixamorig_Spine-Matrix-animation-input-array" count="44">

0.000000 0.033333 0.066667 0.100000 0.133333 0.166667 0.200000 0.233333 0.266667 0.300000 0.333333 0.366667 0.400000 0.433333 0.466667 0.500000
0.533333 0.566667 0.600000 0.633333 0.666667 0.700000 0.733333 0.766667 0.800000 0.833333 0.866667 0.900000 0.933333 0.966667 1.000000 1.033333
1.066667 1.100000 1.133333 1.166667 1.200000 1.233333 1.266667 1.300000 1.333333 1.366667 1.400000 1.433333</float_array>
        <technique_common>
          <accessor source="#mixamorig_Spine-Matrix-animation-input-array" count="44">
            <param name="TIME" type="float"/>
          </accessor>
        </technique_common>
      </source>
      <source id="mixamorig_Spine-Matrix-animation-output-transform">
        <float_array id="mixamorig_Spine-Matrix-animation-output-transform-array" count="704">

0.999759 0.000233 0.021967 -0.000000 0.001929 0.995149 -0.098360 13.784800 -0.021884 0.098379 0.994908 0.064400 0.000000 0.000000 0.000000 1.000000
0.999123 0.012404 0.039994 0.000000 -0.008246 0.994699 -0.102495 13.784800 -0.041054 0.102075 0.993929 0.064400 0.000000 0.000000 0.000000 1.000000
0.998036 0.026100 0.056953 0.000000 -0.020007 0.994266 -0.105045 13.784800 -0.059368 0.103699 0.992835 0.064400 0.000000 0.000000 0.000000 1.000000
0.996626 0.038463 0.072511 0.000000 -0.030739 0.994021 -0.104777 13.784800 -0.076108 0.102194 0.991849 0.064400 0.000000 0.000000 0.000000 1.000000
0.995296 0.045328 0.085625 0.000000 -0.036705 0.994337 -0.099731 13.784800 -0.089661 0.096119 0.991323 0.064400 0.000000 0.000000 0.000000 1.000000
0.994216 0.047884 0.096134 0.000000 -0.038808 0.994801 -0.094155 13.784800 -0.100143 0.089879 0.990905 0.064400 0.000000 0.000000 0.000000 1.000000
0.993377 0.046642 0.105012 0.000000 -0.037320 0.995328 -0.089048 13.784800 -0.108675 0.084539 0.990476 0.064400 0.000000 0.000000 0.000000 1.000000
0.992545 0.048417 0.111852 0.000000 -0.039006 0.995631 -0.084842 13.784800 -0.115471 0.079847 0.990096 0.064400 0.000000 0.000000 0.000000 1.000000
0.991505 0.054917 0.117906 0.000000 -0.045604 0.995729 -0.080280 13.784800 -0.121811 0.074221 0.989774 0.064400 0.000000 0.000000 0.000000 1.000000
0.990257 0.063503 0.123930 0.000000 -0.054562 0.995746 -0.074248 13.784800 -0.128117 0.066763 0.989509 0.064400 0.000000 0.000000 0.000000 1.000000
0.988794 0.071509 0.131044 0.000000 -0.063302 0.995825 -0.065760 13.784800 -0.135200 0.056728 0.989193 0.064400 0.000000 0.000000 0.000000 1.000000
0.987270 0.078927 0.138088 -0.000000 -0.071733 0.995832 -0.056329 13.784800 -0.141958 0.045707 0.988817 0.064400 0.000000 0.000000 0.000000 1.000000
0.985990 0.084287 0.143941 -0.000000 -0.078061 0.995774 -0.048374 13.784800 -0.147410 0.036460 0.988403 0.064400 0.000000 0.000000 0.000000 1.000000
0.985300 0.087940 0.146460 0.000000 -0.082237 0.995616 -0.044563 13.784800 -0.149737 0.031864 0.988212 0.064400 0.000000 0.000000 0.000000 1.000000
0.985450 0.089609 0.144425 0.000000 -0.083749 0.995417 -0.046171 13.784800 -0.147900 0.033404 0.988438 0.064400 0.000000 0.000000 0.000000 1.000000
0.986548 0.089249 0.136958 0.000000 -0.082729 0.995183 -0.052592 13.784800 -0.140992 0.040555 0.989180 0.064400 0.000000 0.000000 0.000000 1.000000
0.988597 0.086176 0.123486 0.000000 -0.079014 0.994958 -0.061776 13.784800 -0.128187 0.051314 0.990422 0.064400 0.000000 0.000000 0.000000 1.000000
0.991267 0.080618 0.104360 0.000000 -0.073370 0.994736 -0.071530 13.784800 -0.109577 0.063249 0.991964 0.064400 0.000000 0.000000 0.000000 1.000000
0.994037 0.072857 0.081130 0.000000 -0.066334 0.994554 -0.080391 13.784800 -0.086546 0.074530 0.993456 0.064400 0.000000 0.000000 0.000000 1.000000
0.996490 0.062238 0.055977 0.000000 -0.057183 0.994497 -0.087785 13.784800 -0.061133 0.084276 0.994565 0.064400 0.000000 0.000000 0.000000 1.000000
0.998334 0.048941 0.030573 -0.000000 -0.045882 0.994533 -0.093806 13.784800 -0.034997 0.092247 0.995121 0.064400 0.000000 0.000000 0.000000 1.000000
0.999411 0.033776 0.006042 0.000000 -0.033018 0.994591 -0.098483 13.784800 -0.009336 0.098226 0.995120 0.064400 0.000000 0.000000 0.000000 1.000000
0.999704 0.017455 -0.016965 0.000000 -0.019088 0.994664 -0.101391 13.784800 0.015105 0.101685 0.994702 0.064400 0.000000 0.000000 0.000000 1.000000
0.999272 0.000912 -0.038144 -0.000000 -0.004794 0.994792 -0.101810 13.784800 0.037853 0.101919 0.994072 0.064400 0.000000 0.000000 0.000000 1.000000
0.998227 -0.015200 -0.057542 0.000000 0.009434 0.995026 -0.099167 13.784800 0.058763 0.098448 0.993406 0.064400 0.000000 0.000000 0.000000 1.000000
0.996737 -0.029483 -0.075141 0.000000 0.022401 0.995376 -0.093408 13.784800 0.077547 0.091420 0.992788 0.064400 0.000000 0.000000 0.000000 1.000000
0.995130 -0.037829 -0.091020 0.000000 0.030093 0.995934 -0.084909 13.784800 0.093862 0.081757 0.992223 0.064400 0.000000 0.000000 0.000000 1.000000
0.993740 -0.040252 -0.104217 0.000000 0.032510 0.996657 -0.074957 13.784800 0.106886 0.071100 0.991726 0.064400 0.000000 0.000000 0.000000 1.000000
0.992759 -0.037626 -0.114081 0.000000 0.030321 0.997418 -0.065102 13.784800 0.116236 0.061172 0.991336 0.064400 0.000000 0.000000 0.000000 1.000000
0.992079 -0.038451 -0.119589 -0.000000 0.031804 0.997868 -0.056998 13.784800 0.121526 0.052743 0.991186 0.064400 0.000000 0.000000 0.000000 1.000000
0.991716 -0.042465 -0.121228 0.000000 0.036472 0.998021 -0.051229 13.784800 0.123164 0.046383 0.991302 0.064400 0.000000 0.000000 0.000000 1.000000
0.991614 -0.045664 -0.120901 0.000000 0.040174 0.998064 -0.047470 13.784800 0.122834 0.042214 0.991529 0.064400 0.000000 0.000000 0.000000 1.000000
0.991567 -0.048511 -0.120169 0.000000 0.043319 0.998027 -0.045449 13.784800 0.122137 0.039860 0.991713 0.064400 0.000000 0.000000 0.000000 1.000000
0.991501 -0.049973 -0.120122 0.000000 0.044868 0.997986 -0.044839 13.784800 0.122120 0.039068 0.991746 0.064400 0.000000 0.000000 0.000000 1.000000
0.991545 -0.050344 -0.119597 0.000000 0.045153 0.997933 -0.045728 13.784800 0.121652 0.039941 0.991769 0.064400 0.000000 0.000000 0.000000 1.000000
0.991837 -0.051299 -0.116739 0.000000 0.045907 0.997772 -0.048415 13.784800 0.118962 0.042661 0.991982 0.064400 0.000000 0.000000 0.000000 1.000000
0.992467 -0.053264 -0.110325 0.000000 0.047646 0.997460 -0.052955 13.784800 0.112866 0.047299 0.992484 0.064400 0.000000 0.000000 0.000000 1.000000
0.993597 -0.054117 -0.099181 0.000000 0.048423 0.997086 -0.058942 13.784800 0.102082 0.053762 0.993322 0.064400 0.000000 0.000000 0.000000 1.000000
0.995246 -0.051261 -0.082809 -0.000000 0.045869 0.996781 -0.065754 13.784800 0.085913 0.061643 0.994394 0.064400 0.000000 0.000000 0.000000 1.000000
0.997101 -0.044012 -0.062065 0.000000 0.039457 0.996566 -0.072794 13.784800 0.065056 0.070134 0.995414 0.064400 0.000000 0.000000 0.000000 1.000000
0.998683 -0.033499 -0.038849 0.000000 0.030327 0.996370 -0.079544 13.784800 0.041373 0.078261 0.996074 0.064400 0.000000 0.000000 0.000000 1.000000
0.999603 -0.022501 -0.016951 0.000000 0.020945 0.995990 -0.086983 13.784800 0.018840 0.086593 0.996066 0.064400 0.000000 0.000000 0.000000 1.000000
0.999930 -0.011382 0.003236 0.000000 0.011635 0.995550 -0.093514 13.784800 -0.002157 0.093545 0.995613 0.064400 0.000000 0.000000 0.000000 1.000000
0.999759 0.000232 0.021967 0.000000 0.001930 0.995149 -0.098360 13.784800 -0.021884 0.098379 0.994908 0.064400 0.000000 0.000000 0.000000 1.000000</float_array>
        <technique_common>
          <accessor source="#mixamorig_Spine-Matrix-animation-output-transform-array" count="44" stride="16">
            <param type="float4x4"/>
          </accessor>
        </technique_common>
      </source>
      <source id="mixamorig_Spine-Interpolations">
        <Name_array id="mixamorig_Spine-Interpolations-array" count="44">
 LINEAR LINEAR LINEAR LINEAR LINEAR LINEAR LINEAR LINEAR LINEAR LINEAR LINEAR
LINEAR LINEAR LINEAR LINEAR LINEAR LINEAR LINEAR LINEAR LINEAR LINEAR LINEAR LINEAR
LINEAR LINEAR LINEAR LINEAR LINEAR LINEAR LINEAR LINEAR LINEAR LINEAR LINEAR LINEAR
LINEAR LINEAR LINEAR LINEAR LINEAR LINEAR LINEAR LINEAR LINEAR</Name_array>
        <technique_common>
          <accessor source="#mixamorig_Spine-Interpolations-array" count="44">
            <param type="name"/>
          </accessor>
        </technique_common>
      </source>
      <sampler id="mixamorig_Spine-Matrix-animation-transform">
        <input semantic="INPUT" source="#mixamorig_Spine-Matrix-animation-input"/>
        <input semantic="OUTPUT" source="#mixamorig_Spine-Matrix-animation-output-transform"/>
        <input semantic="INTERPOLATION" source="#mixamorig_Spine-Interpolations"/>
      </sampler>
      <channel source="#mixamorig_Spine-Matrix-animation-transform" target="mixamorig_Spine/matrix"/>
    </animation>
    <animation id="mixamorig_Spine1-anim" name="mixamorig_Spine1">
      <source id="mixamorig_Spine1-Matrix-animation-input">
        <float_array id="mixamorig_Spine1-Matrix-animation-input-array" count="44">

0.000000 0.033333 0.066667 0.100000 0.133333 0.166667 0.200000 0.233333 0.266667 0.300000 0.333333 0.366667 0.400000 0.433333 0.466667 0.500000
0.533333 0.566667 0.600000 0.633333 0.666667 0.700000 0.733333 0.766667 0.800000 0.833333 0.866667 0.900000 0.933333 0.966667 1.000000 1.033333
1.066667 1.100000 1.133333 1.166667 1.200000 1.233333 1.266667 1.300000 1.333333 1.366667 1.400000 1.433333</float_array>
        <technique_common>
          <accessor source="#mixamorig_Spine1-Matrix-animation-input-array" count="44">
            <param name="TIME" type="float"/>
          </accessor>
        </technique_common>
      </source>
      <source id="mixamorig_Spine1-Matrix-animation-output-transform">
        <float_array id="mixamorig_Spine1-Matrix-animation-output-transform-array" count="704">

0.999610 0.023184 0.015587 0.000000 -0.022718 0.999308 -0.029451 12.024300 -0.016259 0.029085 0.999445 0.000000 0.000000 0.000000 0.000000 1.000000
0.999131 0.027588 0.031239 0.000000 -0.026558 0.999105 -0.032919 12.024300 -0.032119 0.032061 0.998970 0.000000 0.000000 0.000000 0.000000 1.000000
0.998459 0.031453 0.045713 0.000000 -0.029879 0.998950 -0.034725 12.024300 -0.046757 0.033305 0.998351 -0.000000 0.000000 0.000000 0.000000 1.000000
0.997702 0.034501 0.058311 0.000000 -0.032562 0.998895 -0.033885 12.024300 -0.059416 0.031908 0.997723 -0.000000 0.000000 0.000000 0.000000 1.000000
0.997089 0.036025 0.067205 0.000000 -0.034151 0.999000 -0.028841 12.024300 -0.068177 0.026462 0.997322 0.000000 0.000000 0.000000 0.000000 1.000000
0.996620 0.036968 0.073368 0.000000 -0.035361 0.999108 -0.023084 12.024300 -0.074156 0.020411 0.997038 0.000000 0.000000 0.000000 0.000000 1.000000
0.996213 0.038175 0.078123 0.000000 -0.036892 0.999161 -0.017792 12.024300 -0.078737 0.014843 0.996785 0.000000 0.000000 0.000000 0.000000 1.000000
0.995773 0.040442 0.082469 0.000000 -0.039483 0.999133 -0.013225 12.024300 -0.082932 0.009913 0.996506 0.000000 0.000000 0.000000 0.000000 1.000000
0.995226 0.043668 0.087287 -0.000000 -0.043104 0.999036 -0.008332 12.024300 -0.087567 0.004530 0.996148 -0.000000 0.000000 0.000000 0.000000 1.000000
0.994515 0.047874 0.092999 0.000000 -0.047838 0.998852 -0.002622 12.024300 -0.093018 -0.001841 0.995663 0.000000 0.000000 0.000000 0.000000 1.000000
0.993682 0.051903 0.099506 0.000000 -0.052626 0.998603 0.004649 12.024300 -0.099125 -0.009856 0.995026 -0.000000 0.000000 0.000000 0.000000 1.000000
0.992840 0.054935 0.106074 0.000000 -0.056557 0.998323 0.012341 12.024300 -0.105218 -0.018252 0.994282 0.000000 0.000000 0.000000 0.000000 1.000000
0.992172 0.056176 0.111531 -0.000000 -0.058595 0.998110 0.018529 12.024300 -0.110279 -0.024919 0.993588 0.000000 0.000000 0.000000 0.000000 1.000000
0.991889 0.055161 0.114516 0.000000 -0.057963 0.998092 0.021282 12.024300 -0.113124 -0.027747 0.993193 0.000000 0.000000 0.000000 0.000000 1.000000
0.992146 0.051877 0.113817 0.000000 -0.054454 0.998323 0.019651 12.024300 -0.112607 -0.025695 0.993307 0.000000 0.000000 0.000000 0.000000 1.000000
0.992979 0.046743 0.108665 -0.000000 -0.048556 0.998721 0.014102 12.024300 -0.107867 -0.019279 0.993978 0.000000 0.000000 0.000000 0.000000 1.000000
0.994278 0.040458 0.098863 0.000000 -0.041261 0.999130 0.006085 12.024300 -0.098531 -0.010129 0.995082 0.000000 0.000000 0.000000 0.000000 1.000000
0.995834 0.033655 0.084742 0.000000 -0.033546 0.999433 -0.002714 12.024300 -0.084786 -0.000140 0.996399 0.000000 0.000000 0.000000 0.000000 1.000000
0.997393 0.026675 0.067044 0.000000 -0.025988 0.999601 -0.011094 12.024300 -0.067313 0.009323 0.997688 0.000000 0.000000 0.000000 0.000000 1.000000
0.998710 0.019578 0.046848 0.000000 -0.018729 0.999653 -0.018508 12.024300 -0.047194 0.017607 0.998731 0.000000 0.000000 0.000000 0.000000 1.000000
0.999600 0.012238 0.025501 0.000000 -0.011606 0.999625 -0.024786 12.024300 -0.025795 0.024480 0.999367 0.000000 0.000000 0.000000 0.000000 1.000000
0.999980 0.004623 0.004422 0.000000 -0.004490 0.999548 -0.029710 12.024300 -0.004558 0.029689 0.999549 0.000000 0.000000 0.000000 0.000000 1.000000
0.999880 -0.003018 -0.015226 0.000000 0.002518 0.999460 -0.032773 12.024300 0.015316 0.032731 0.999347 -0.000000 0.000000 0.000000 0.000000 1.000000
0.999411 -0.010187 -0.032780 0.000000 0.009095 0.999405 -0.033284 12.024300 0.033100 0.032966 0.998908 0.000000 0.000000 0.000000 0.000000 1.000000
0.998711 -0.016320 -0.048064 0.000000 0.014855 0.999419 -0.030673 12.024300 0.048536 0.029920 0.998373 -0.000000 0.000000 0.000000 0.000000 1.000000
0.997910 -0.021006 -0.061108 0.000000 0.019518 0.999501 -0.024845 12.024300 0.061599 0.023601 0.997822 -0.000000 0.000000 0.000000 0.000000 1.000000
0.997122 -0.024143 -0.071871 0.000000 0.023022 0.999601 -0.016386 12.024300 0.072238 0.014685 0.997279 0.000000 0.000000 0.000000 0.000000 1.000000
0.996439 -0.026144 -0.080163 -0.000000 0.025690 0.999648 -0.006690 12.024300 0.080310 0.004607 0.996759 0.000000 0.000000 0.000000 0.000000 1.000000
0.995925 -0.027602 -0.085859 0.000000 0.027921 0.999607 0.002524 12.024300 0.085755 -0.004911 0.996304 -0.000000 0.000000 0.000000 0.000000 1.000000
0.995604 -0.028588 -0.089197 0.000000 0.029628 0.999507 0.010366 12.024300 0.088857 -0.012963 0.995960 0.000000 0.000000 0.000000 0.000000 1.000000
0.995431 -0.029469 -0.090828 0.000000 0.031053 0.999388 0.016084 12.024300 0.090298 -0.018831 0.995737 -0.000000 0.000000 0.000000 0.000000 1.000000
0.995330 -0.030338 -0.091636 0.000000 0.032251 0.999290 0.019471 12.024300 0.090980 -0.022336 0.995602 0.000000 0.000000 0.000000 0.000000 1.000000
0.995252 -0.030714 -0.092364 0.000000 0.032785 0.999242 0.020990 12.024300 0.091649 -0.023919 0.995504 0.000000 0.000000 0.000000 0.000000 1.000000
0.995192 -0.030080 -0.093214 0.000000 0.032175 0.999260 0.021056 12.024300 0.092511 -0.023954 0.995423 0.000000 0.000000 0.000000 0.000000 1.000000
0.995203 -0.028181 -0.093688 0.000000 0.030163 0.999349 0.019803 12.024300 0.093069 -0.022534 0.995405 -0.000000 0.000000 0.000000 0.000000 1.000000
0.995377 -0.024959 -0.092750 0.000000 0.026670 0.999495 0.017248 12.024300 0.092272 -0.019642 0.995540 0.000000 0.000000 0.000000 0.000000 1.000000
0.995804 -0.020526 -0.089185 0.000000 0.021801 0.999673 0.013351 12.024300 0.088882 -0.015239 0.995926 0.000000 0.000000 0.000000 0.000000 1.000000
0.996519 -0.015017 -0.082000 0.000000 0.015736 0.999843 0.008132 12.024300 0.081865 -0.009394 0.996599 0.000000 0.000000 0.000000 0.000000 1.000000
0.997462 -0.008521 -0.070692 0.000000 0.008670 0.999961 0.001802 12.024300 0.070674 -0.002410 0.997497 -0.000000 0.000000 0.000000 0.000000 1.000000
0.998465 -0.001161 -0.055378 0.000000 0.000877 0.999986 -0.005156 12.024300 0.055383 0.005099 0.998452 0.000000 0.000000 0.000000 0.000000 1.000000
0.999296 0.006600 -0.036920 0.000000 -0.007051 0.999902 -0.012082 12.024300 0.036836 0.012334 0.999245 0.000000 0.000000 0.000000 0.000000 1.000000
0.999749 0.013052 -0.018211 -0.000000 -0.013401 0.999727 -0.019161 12.024300 0.017956 0.019401 0.999651 0.000000 0.000000 0.000000 0.000000 1.000000
0.999829 0.018471 -0.000650 -0.000000 -0.018482 0.999513 -0.025153 12.024300 0.000186 0.025160 0.999683 -0.000000 0.000000 0.000000 0.000000 1.000000
0.999610 0.023184 0.015587 -0.000000 -0.022718 0.999308 -0.029451 12.024300 -0.016259 0.029085 0.999445 0.000000 0.000000 0.000000 0.000000 1.000000</float_array>
        <technique_common>
          <accessor source="#mixamorig_Spine1-Matrix-animation-output-transform-array" count="44" stride="16">
            <param type="float4x4"/>
          </accessor>
        </technique_common>
      </source>
      <source id="mixamorig_Spine1-Interpolations">
        <Name_array id="mixamorig_Spine1-Interpolations-array" count="44">
 LINEAR LINEAR LINEAR LINEAR LINEAR LINEAR LINEAR LINEAR LINEAR LINEAR LINEAR
LINEAR LINEAR LINEAR LINEAR LINEAR LINEAR LINEAR LINEAR LINEAR LINEAR LINEAR LINEAR
LINEAR LINEAR LINEAR LINEAR LINEAR LINEAR LINEAR LINEAR LINEAR LINEAR LINEAR LINEAR
LINEAR LINEAR LINEAR LINEAR LINEAR LINEAR LINEAR LINEAR LINEAR</Name_array>
        <technique_common>
          <accessor source="#mixamorig_Spine1-Interpolations-array" count="44">
            <param type="name"/>
          </accessor>
        </technique_common>
      </source>
      <sampler id="mixamorig_Spine1-Matrix-animation-transform">
        <input semantic="INPUT" source="#mixamorig_Spine1-Matrix-animation-input"/>
        <input semantic="OUTPUT" source="#mixamorig_Spine1-Matrix-animation-output-transform"/>
        <input semantic="INTERPOLATION" source="#mixamorig_Spine1-Interpolations"/>
      </sampler>
      <channel source="#mixamorig_Spine1-Matrix-animation-transform" target="mixamorig_Spine1/matrix"/>
    </animation>
    <animation id="mixamorig_Spine2-anim" name="mixamorig_Spine2">
      <source id="mixamorig_Spine2-Matrix-animation-input">
        <float_array id="mixamorig_Spine2-Matrix-animation-input-array" count="44">

0.000000 0.033333 0.066667 0.100000 0.133333 0.166667 0.200000 0.233333 0.266667 0.300000 0.333333 0.366667 0.400000 0.433333 0.466667 0.500000
0.533333 0.566667 0.600000 0.633333 0.666667 0.700000 0.733333 0.766667 0.800000 0.833333 0.866667 0.900000 0.933333 0.966667 1.000000 1.033333
1.066667 1.100000 1.133333 1.166667 1.200000 1.233333 1.266667 1.300000 1.333333 1.366667 1.400000 1.433333</float_array>
        <technique_common>
          <accessor source="#mixamorig_Spine2-Matrix-animation-input-array" count="44">
            <param name="TIME" type="float"/>
          </accessor>
        </technique_common>
      </source>
      <source id="mixamorig_Spine2-Matrix-animation-output-transform">
        <float_array id="mixamorig_Spine2-Matrix-animation-output-transform-array" count="704">

0.999608 0.023272 0.015540 -0.000000 -0.023045 0.999628 -0.014614 17.815800 -0.015874 0.014250 0.999772 -0.000000 0.000000 0.000000 0.000000 1.000000
0.999121 0.027809 0.031362 0.000000 -0.027256 0.999468 -0.017935 17.815800 -0.031844 0.017065 0.999347 0.000000 0.000000 0.000000 0.000000 1.000000
0.998435 0.031818 0.045985 0.000000 -0.030948 0.999330 -0.019521 17.815800 -0.046575 0.018067 0.998751 0.000000 0.000000 0.000000 0.000000 1.000000
0.997662 0.035038 0.058670 0.000000 -0.034013 0.999252 -0.018385 17.815800 -0.059270 0.016347 0.998108 0.000000 0.000000 0.000000 0.000000 1.000000
0.997041 0.036812 0.067491 -0.000000 -0.036015 0.999267 -0.012994 17.815800 -0.067920 0.010524 0.997635 -0.000000 0.000000 0.000000 0.000000 1.000000
0.996572 0.038091 0.073433 -0.000000 -0.037680 0.999266 -0.006977 17.815800 -0.073645 0.004186 0.997276 0.000000 0.000000 0.000000 0.000000 1.000000
0.996173 0.039673 0.077887 0.000000 -0.039673 0.999212 -0.001540 17.815800 -0.077887 -0.001556 0.996961 -0.000000 0.000000 0.000000 0.000000 1.000000
0.995743 0.042262 0.081917 0.000000 -0.042656 0.999085 0.003059 17.815800 -0.081713 -0.006540 0.996634 0.000000 0.000000 0.000000 0.000000 1.000000
0.995208 0.045728 0.086433 0.000000 -0.046586 0.998883 0.007938 17.815800 -0.085974 -0.011927 0.996226 0.000000 0.000000 0.000000 0.000000 1.000000
0.994511 0.050029 0.091896 0.000000 -0.051493 0.998580 0.013632 17.815800 -0.091083 -0.018290 0.995675 0.000000 0.000000 0.000000 0.000000 1.000000
0.993698 0.054055 0.098194 0.000000 -0.056372 0.998190 0.020974 17.815800 -0.096882 -0.026377 0.994946 0.000000 0.000000 0.000000 0.000000 1.000000
0.992877 0.056992 0.104629 0.000000 -0.060312 0.997763 0.028838 17.815800 -0.102751 -0.034943 0.994093 0.000000 0.000000 0.000000 0.000000 1.000000
0.992226 0.058077 0.110063 0.000000 -0.062293 0.997435 0.035261 17.815800 -0.107733 -0.041843 0.993299 0.000000 0.000000 0.000000 0.000000 1.000000
0.991947 0.056877 0.113164 0.000000 -0.061549 0.997372 0.038225 17.815800 -0.110693 -0.044883 0.992841 0.000000 0.000000 0.000000 0.000000 1.000000
0.992191 0.053406 0.112714 0.000000 -0.057867 0.997650 0.036678 17.815800 -0.110490 -0.042914 0.992950 -0.000000 0.000000 0.000000 0.000000 1.000000
0.992999 0.048093 0.107892 -0.000000 -0.051712 0.998181 0.031004 17.815800 -0.106205 -0.036366 0.993679 0.000000 0.000000 0.000000 0.000000 1.000000
0.994274 0.041623 0.098426 0.000000 -0.044051 0.998773 0.022632 17.815800 -0.097363 -0.026838 0.994887 0.000000 0.000000 0.000000 0.000000 1.000000
0.995817 0.034608 0.084564 0.000000 -0.035857 0.999268 0.013302 17.815800 -0.084042 -0.016279 0.996329 -0.000000 0.000000 0.000000 0.000000 1.000000
0.997378 0.027382 0.066994 0.000000 -0.027735 0.999606 0.004331 17.815800 -0.066849 -0.006178 0.997744 0.000000 0.000000 0.000000 0.000000 1.000000
0.998704 0.020025 0.046780 0.000000 -0.019878 0.999796 -0.003599 17.815800 -0.046842 0.002664 0.998899 0.000000 0.000000 0.000000 0.000000 1.000000
0.999603 0.012445 0.025293 0.000000 -0.012190 0.999874 -0.010204 17.815800 -0.025417 0.009892 0.999628 0.000000 0.000000 0.000000 0.000000 1.000000
0.999981 0.004645 0.004005 0.000000 -0.004584 0.999874 -0.015211 17.815800 -0.004075 0.015193 0.999876 0.000000 0.000000 0.000000 0.000000 1.000000
0.999869 -0.003114 -0.015852 0.000000 0.002827 0.999832 -0.018129 17.815800 0.015906 0.018082 0.999710 0.000000 0.000000 0.000000 0.000000 1.000000
0.999383 -0.010364 -0.033550 -0.000000 0.009753 0.999785 -0.018323 17.815800 0.033733 0.017984 0.999269 -0.000000 0.000000 0.000000 0.000000 1.000000
0.998668 -0.016598 -0.048853 -0.000000 0.015868 0.999757 -0.015293 17.815800 0.049095 0.014497 0.998689 0.000000 0.000000 0.000000 0.000000 1.000000
0.997860 -0.021471 -0.061764 0.000000 0.020955 0.999740 -0.009001 17.815800 0.061942 0.007687 0.998050 0.000000 0.000000 0.000000 0.000000 1.000000
0.997076 -0.024916 -0.072245 -0.000000 0.024975 0.999688 -0.000082 17.815800 0.072224 -0.001723 0.997387 -0.000000 0.000000 0.000000 0.000000 1.000000
0.996408 -0.027309 -0.080154 0.000000 0.028200 0.999552 0.010011 17.815800 0.079845 -0.012235 0.996732 0.000000 0.000000 0.000000 0.000000 1.000000
0.995916 -0.029145 -0.085449 0.000000 0.030918 0.999332 0.019505 17.815800 0.084824 -0.022067 0.996152 0.000000 0.000000 0.000000 0.000000 1.000000
0.995618 -0.030431 -0.088429 0.000000 0.032981 0.999077 0.027521 17.815800 0.087509 -0.030317 0.995702 -0.000000 0.000000 0.000000 0.000000 1.000000
0.995463 -0.031464 -0.089796 0.000000 0.034576 0.998847 0.033318 17.815800 0.088644 -0.036272 0.995403 -0.000000 0.000000 0.000000 0.000000 1.000000
0.995375 -0.032316 -0.090469 0.000000 0.035761 0.998685 0.036726 17.815800 0.089164 -0.039791 0.995222 0.000000 0.000000 0.000000 0.000000 1.000000
0.995302 -0.032562 -0.091181 0.000000 0.036176 0.998613 0.038267 17.815800 0.089808 -0.041385 0.995099 0.000000 0.000000 0.000000 0.000000 1.000000
0.995242 -0.031757 -0.092114 0.000000 0.035417 0.998635 0.038377 17.815800 0.090770 -0.041457 0.995009 0.000000 0.000000 0.000000 0.000000 1.000000
0.995246 -0.029692 -0.092758 0.000000 0.033259 0.998756 0.037153 17.815800 0.091540 -0.040062 0.994995 0.000000 0.000000 0.000000 0.000000 1.000000
0.995406 -0.026327 -0.092058 0.000000 0.029615 0.998964 0.034539 17.815800 0.091053 -0.037106 0.995154 0.000000 0.000000 0.000000 0.000000 1.000000
0.995814 -0.021761 -0.088777 0.000000 0.024548 0.999236 0.030424 17.815800 0.088047 -0.032476 0.995587 -0.000000 0.000000 0.000000 0.000000 1.000000
0.996511 -0.016098 -0.081890 0.000000 0.018186 0.999527 0.024809 17.815800 0.081452 -0.026212 0.996333 0.000000 0.000000 0.000000 0.000000 1.000000
0.997443 -0.009402 -0.070851 0.000000 0.010699 0.999782 0.017946 17.815800 0.070667 -0.018658 0.997325 0.000000 0.000000 0.000000 0.000000 1.000000
0.998444 -0.001799 -0.055732 -0.000000 0.002383 0.999943 0.010411 17.815800 0.055710 -0.010528 0.998392 0.000000 0.000000 0.000000 0.000000 1.000000
0.999283 0.006208 -0.037345 0.000000 -0.006101 0.999977 0.002994 17.815800 0.037362 -0.002764 0.999298 -0.000000 0.000000 0.000000 0.000000 1.000000
0.999745 0.012847 -0.018557 0.000000 -0.012929 0.999907 -0.004331 17.815800 0.018499 0.004570 0.999818 -0.000000 0.000000 0.000000 0.000000 1.000000
0.999830 0.018420 -0.000860 0.000000 -0.018428 0.999776 -0.010396 17.815800 0.000669 0.010410 0.999946 0.000000 0.000000 0.000000 0.000000 1.000000
0.999608 0.023272 0.015540 0.000000 -0.023045 0.999628 -0.014614 17.815800 -0.015874 0.014250 0.999772 0.000000 0.000000 0.000000 0.000000 1.000000</float_array>
        <technique_common>
          <accessor source="#mixamorig_Spine2-Matrix-animation-output-transform-array" count="44" stride="16">
            <param type="float4x4"/>
          </accessor>
        </technique_common>
      </source>
      <source id="mixamorig_Spine2-Interpolations">
        <Name_array id="mixamorig_Spine2-Interpolations-array" count="44">
 LINEAR LINEAR LINEAR LINEAR LINEAR LINEAR LINEAR LINEAR LINEAR LINEAR LINEAR
LINEAR LINEAR LINEAR LINEAR LINEAR LINEAR LINEAR LINEAR LINEAR LINEAR LINEAR LINEAR
LINEAR LINEAR LINEAR LINEAR LINEAR LINEAR LINEAR LINEAR LINEAR LINEAR LINEAR LINEAR
LINEAR LINEAR LINEAR LINEAR LINEAR LINEAR LINEAR LINEAR LINEAR</Name_array>
        <technique_common>
          <accessor source="#mixamorig_Spine2-Interpolations-array" count="44">
            <param type="name"/>
          </accessor>
        </technique_common>
      </source>
      <sampler id="mixamorig_Spine2-Matrix-animation-transform">
        <input semantic="INPUT" source="#mixamorig_Spine2-Matrix-animation-input"/>
        <input semantic="OUTPUT" source="#mixamorig_Spine2-Matrix-animation-output-transform"/>
        <input semantic="INTERPOLATION" source="#mixamorig_Spine2-Interpolations"/>
      </sampler>
      <channel source="#mixamorig_Spine2-Matrix-animation-transform" target="mixamorig_Spine2/matrix"/>
    </animation>
    <animation id="mixamorig_Neck-anim" name="mixamorig_Neck">
      <source id="mixamorig_Neck-Matrix-animation-input">
        <float_array id="mixamorig_Neck-Matrix-animation-input-array" count="44">

0.000000 0.033333 0.066667 0.100000 0.133333 0.166667 0.200000 0.233333 0.266667 0.300000 0.333333 0.366667 0.400000 0.433333 0.466667 0.500000
0.533333 0.566667 0.600000 0.633333 0.666667 0.700000 0.733333 0.766667 0.800000 0.833333 0.866667 0.900000 0.933333 0.966667 1.000000 1.033333
1.066667 1.100000 1.133333 1.166667 1.200000 1.233333 1.266667 1.300000 1.333333 1.366667 1.400000 1.433333</float_array>
        <technique_common>
          <accessor source="#mixamorig_Neck-Matrix-animation-input-array" count="44">
            <param name="TIME" type="float"/>
          </accessor>
        </technique_common>
      </source>
      <source id="mixamorig_Neck-Matrix-animation-output-transform">
        <float_array id="mixamorig_Neck-Matrix-animation-output-transform-array" count="704">

0.999311 0.036613 0.006080 0.000000 -0.037043 0.994106 0.101891 39.117599 -0.002313 -0.102046 0.994777 11.977000 0.000000 0.000000 0.000000 1.000000
0.999316 0.036871 -0.002667 0.000000 -0.036440 0.994627 0.096901 39.117599 0.006225 -0.096737 0.995290 11.977000 0.000000 0.000000 0.000000 1.000000
0.999252 0.037151 -0.010763 -0.000000 -0.035992 0.995016 0.092993 39.117599 0.014164 -0.092537 0.995609 11.977000 0.000000 0.000000 0.000000 1.000000
0.999142 0.037486 -0.017618 0.000000 -0.035720 0.995151 0.091642 39.117599 0.020968 -0.090934 0.995636 11.977000 0.000000 0.000000 0.000000 1.000000
0.999034 0.037992 -0.022064 -0.000000 -0.035715 0.994765 0.095740 39.117599 0.025586 -0.094860 0.995162 11.977000 0.000000 0.000000 0.000000 1.000000
0.998929 0.038702 -0.025350 -0.000000 -0.035906 0.994057 0.102765 39.117599 0.029176 -0.101745 0.994383 11.977000 0.000000 0.000000 0.000000 1.000000
0.998829 0.039192 -0.028374 -0.000000 -0.035833 0.993228 0.110517 39.117599 0.032513 -0.109371 0.993469 11.977000 0.000000 0.000000 0.000000 1.000000
0.998744 0.038812 -0.031696 0.000000 -0.034853 0.992505 0.117125 39.117599 0.036005 -0.115874 0.992611 11.977000 0.000000 0.000000 0.000000 1.000000
0.998681 0.036985 -0.035611 0.000000 -0.032434 0.992141 0.120849 39.117599 0.039801 -0.119535 0.992032 11.977000 0.000000 0.000000 0.000000 1.000000
0.998638 0.033535 -0.039963 -0.000000 -0.028491 0.992279 0.120707 39.117599 0.043703 -0.119404 0.991883 11.977000 0.000000 0.000000 0.000000 1.000000
0.998610 0.028822 -0.044135 -0.000000 -0.023488 0.992862 0.116932 39.117599 0.047190 -0.115733 0.992159 11.977000 0.000000 0.000000 0.000000 1.000000
0.998606 0.023586 -0.047214 -0.000000 -0.018221 0.993654 0.110998 39.117599 0.049533 -0.109983 0.992698 11.977000 0.000000 0.000000 0.000000 1.000000
0.998660 0.018620 -0.048287 0.000000 -0.013456 0.994365 0.105156 39.117599 0.049973 -0.104365 0.993283 11.977000 0.000000 0.000000 0.000000 1.000000
0.998803 0.014448 -0.046732 -0.000000 -0.009636 0.994780 0.101591 39.117599 0.047955 -0.101019 0.993728 11.977000 0.000000 0.000000 0.000000 1.000000
0.999037 0.011190 -0.042419 -0.000000 -0.006830 0.994807 0.101554 39.117599 0.043335 -0.101166 0.993925 11.977000 0.000000 0.000000 0.000000 1.000000
0.999324 0.008643 -0.035727 -0.000000 -0.004853 0.994478 0.104833 39.117599 0.036436 -0.104589 0.993848 11.977000 0.000000 0.000000 0.000000 1.000000
0.999604 0.006488 -0.027375 0.000000 -0.003443 0.993944 0.109833 39.117599 0.027922 -0.109696 0.993573 11.977000 0.000000 0.000000 0.000000 1.000000
0.999825 0.004497 -0.018156 0.000000 -0.002395 0.993456 0.114194 39.117599 0.018551 -0.114131 0.993293 11.977000 0.000000 0.000000 0.000000 1.000000
