<?xml version="1.0" encoding="utf-8"?>
<COLLADA xmlns="http://www.collada.org/2005/11/COLLADASchema" version="1.4.1">
  <asset>
    <contributor>
      <author>Mixamo</author>
      <authoring_tool>COLLADA Mixamo exporter</authoring_tool>
      <comments/>
    </contributor>
    <created>2025-04-13T02:13:30Z</created>
    <modified>2025-04-13T02:13:30Z</modified>
    <revision/>
    <title/>
    <unit meter="0.010000"/>
    <up_axis>Y_UP</up_axis>
  </asset>
  <library_animations>
    <animation id="mixamorig_Hips-anim" name="mixamorig_Hips">
      <source id="mixamorig_Hips-Matrix-animation-input">
        <float_array id="mixamorig_Hips-Matrix-animation-input-array" count="74">

0.000000 0.033333 0.066667 0.100000 0.133333 0.166667 0.200000 0.233333 0.266667 0.300000 0.333333 0.366667 0.400000 0.433333 0.466667 0.500000
0.533333 0.566667 0.600000 0.633333 0.666667 0.700000 0.733333 0.766667 0.800000 0.833333 0.866667 0.900000 0.933333 0.966667 1.000000 1.033333
1.066667 1.100000 1.133333 1.166667 1.200000 1.233333 1.266667 1.300000 1.333333 1.366667 1.400000 1.433333 1.466667 1.500000 1.533333 1.566667
1.600000 1.633333 1.666667 1.700000 1.733333 1.766667 1.800000 1.833333 1.866667 1.900000 1.933333 1.966667 2.000000 2.033333 2.066667 2.100000
2.133333 2.166667 2.200000 2.233333 2.266667 2.300000 2.333333 2.366667 2.400000 2.433333</float_array>
        <technique_common>
          <accessor source="#mixamorig_Hips-Matrix-animation-input-array" count="74">
            <param name="TIME" type="float"/>
          </accessor>
        </technique_common>
      </source>
      <source id="mixamorig_Hips-Matrix-animation-output-transform">
        <float_array id="mixamorig_Hips-Matrix-animation-output-transform-array" count="1184">

0.997287 0.015724 -0.071908 -2.219782 -0.040839 0.930961 -0.362829 204.577301 0.061238 0.364781 0.929077 -13.955561 0.000000 0.000000 0.000000 1.000000
0.997207 -0.007501 -0.074310 -1.063138 -0.020273 0.930402 -0.365979 200.500702 0.071884 0.366463 0.927652 -5.599482 0.000000 0.000000 0.000000 1.000000
0.996526 -0.023151 -0.079999 0.038584 -0.008275 0.928305 -0.371727 196.412842 0.082869 0.371097 0.924889 4.310627 0.000000 0.000000 0.000000 1.000000
0.995647 -0.036908 -0.085591 0.837762 0.003772 0.933465 -0.358648 192.453201 0.093133 0.356764 0.929541 15.449356 0.000000 0.000000 0.000000 1.000000
0.993613 -0.046864 -0.102647 1.093294 0.006850 0.933051 -0.359678 188.351471 0.112631 0.356678 0.927413 27.170202 0.000000 0.000000 0.000000 1.000000
0.991845 -0.058505 -0.113224 1.306373 0.015115 0.936137 -0.351310 184.419189 0.126547 0.346734 0.929388 39.597256 0.000000 0.000000 0.000000 1.000000
0.992019 -0.064581 -0.108294 1.653165 0.025377 0.943561 -0.330225 181.779495 0.123508 0.324842 0.937669 52.249340 0.000000 0.000000 0.000000 1.000000
0.992298 -0.072502 -0.100438 1.814140 0.038488 0.951144 -0.306338 179.568161 0.117741 0.300113 0.946609 65.498413 0.000000 0.000000 0.000000 1.000000
0.992538 -0.082594 -0.089700 1.830674 0.054547 0.958690 -0.279176 177.904861 0.109053 0.272200 0.956041 79.100029 0.000000 0.000000 0.000000 1.000000
0.994431 -0.077700 -0.071203 2.736804 0.057812 0.967063 -0.247884 175.467056 0.088119 0.242387 0.966170 91.593636 0.000000 0.000000 0.000000 1.000000
0.996229 -0.068880 -0.052760 3.809672 0.056211 0.975591 -0.212279 173.090652 0.066094 0.208513 0.975784 105.146225 0.000000 0.000000 0.000000 1.000000
0.996890 -0.067468 -0.040736 4.545291 0.059502 0.983239 -0.172340 171.747543 0.051680 0.169380 0.984195 120.025116 0.000000 0.000000 0.000000 1.000000
0.996556 -0.075109 -0.035140 4.776856 0.070057 0.989324 -0.127789 170.897919 0.044363 0.124887 0.991179 135.055603 0.000000 0.000000 0.000000 1.000000
0.995152 -0.090266 -0.039038 4.520095 0.087625 0.994046 -0.064766 170.382019 0.044652 0.061031 0.997137 150.291046 0.000000 0.000000 0.000000 1.000000
0.994249 -0.097493 -0.044324 4.296211 0.098503 0.994911 0.021210 172.187286 0.042031 -0.025454 0.998792 164.904465 0.000000 0.000000 0.000000 1.000000
0.994178 -0.091442 -0.056988 4.261879 0.098640 0.985240 0.139903 175.700958 0.043354 -0.144710 0.988524 180.382431 0.000000 0.000000 0.000000 1.000000
0.993010 -0.084736 -0.082161 4.364457 0.103570 0.959419 0.262276 181.774658 0.056602 -0.268952 0.961489 196.640900 0.000000 0.000000 0.000000 1.000000
0.991294 -0.075952 -0.107555 4.643615 0.112991 0.910085 0.398721 189.655975 0.067601 -0.407402 0.910743 212.369659 0.000000 0.000000 0.000000 1.000000
0.992909 -0.051020 -0.107367 5.243171 0.099559 0.850433 0.516578 197.331177 0.064953 -0.523604 0.849482 229.260330 0.000000 0.000000 0.000000 1.000000
0.995169 -0.021538 -0.095786 6.028356 0.076782 0.778741 0.622629 206.019455 0.061182 -0.626976 0.776633 245.853577 0.000000 0.000000 0.000000 1.000000
0.997079 0.008793 -0.075870 6.863286 0.048183 0.698331 0.714152 214.966599 0.059262 -0.715721 0.695867 261.895630 0.000000 0.000000 0.000000 1.000000
0.998133 0.036106 -0.049265 7.559659 0.016801 0.613166 0.789775 223.744095 0.058724 -0.789128 0.611415 277.013214 0.000000 0.000000 0.000000 1.000000
0.998144 0.058440 -0.017136 8.021158 -0.016312 0.527646 0.849308 231.570328 0.058675 -0.847452 0.527620 291.159393 0.000000 0.000000 0.000000 1.000000
0.996874 0.076456 0.019919 8.284661 -0.051844 0.442761 0.895140 237.850464 0.059619 -0.893374 0.445340 304.938751 0.000000 0.000000 0.000000 1.000000
0.993991 0.089084 0.063612 8.407497 -0.091729 0.360745 0.928143 243.260223 0.059735 -0.928400 0.366748 319.051605 0.000000 0.000000 0.000000 1.000000
0.988845 0.096633 0.113350 8.451391 -0.136811 0.288327 0.947708 248.616379 0.058897 -0.952644 0.298331 333.500427 0.000000 0.000000 0.000000 1.000000
0.980626 0.101179 0.167737 8.578932 -0.187323 0.233881 0.954049 254.249435 0.057299 -0.966986 0.248303 348.235626 0.000000 0.000000 0.000000 1.000000
0.968439 0.101976 0.227435 8.698852 -0.244115 0.203787 0.948092 260.059235 0.050334 -0.973690 0.222249 362.680420 0.000000 0.000000 0.000000 1.000000
0.946320 0.088503 0.310879 8.770999 -0.322888 0.214500 0.921810 267.049042 0.014900 -0.972706 0.231562 376.058655 0.000000 0.000000 0.000000 1.000000
0.916037 0.081785 0.392668 8.845547 -0.400523 0.238756 0.884634 274.030426 -0.021402 -0.967629 0.251466 388.594666 0.000000 0.000000 0.000000 1.000000
0.877679 0.072591 0.473719 9.435902 -0.473354 0.285857 0.833200 281.751678 -0.074933 -0.955519 0.285252 402.050476 0.000000 0.000000 0.000000 1.000000
0.841289 0.073575 0.535555 10.239294 -0.526445 0.336614 0.780734 289.368256 -0.122833 -0.938764 0.321923 415.517456 0.000000 0.000000 0.000000 1.000000
0.818880 0.066068 0.570150 10.786575 -0.548679 0.381700 0.743812 296.347321 -0.168484 -0.921922 0.348817 428.724518 0.000000 0.000000 0.000000 1.000000
0.776691 0.064377 0.626583 11.120632 -0.586218 0.437798 0.681675 302.377625 -0.230433 -0.896765 0.377773 441.890594 0.000000 0.000000 0.000000 1.000000
0.714419 0.056178 0.697459 11.180453 -0.627896 0.491354 0.603588 307.733307 -0.308791 -0.869146 0.386307 454.771240 0.000000 0.000000 0.000000 1.000000
0.600729 0.018198 0.799246 10.825303 -0.674598 0.548018 0.494563 311.352112 -0.429001 -0.836268 0.341487 466.723816 0.000000 0.000000 0.000000 1.000000
0.501722 0.003908 0.865020 10.804779 -0.679496 0.620612 0.391312 314.017548 -0.535313 -0.784108 0.314030 478.997467 0.000000 0.000000 0.000000 1.000000
0.444967 0.022436 0.895266 10.972595 -0.666007 0.676608 0.314064 314.875000 -0.598698 -0.736001 0.316011 490.302399 0.000000 0.000000 0.000000 1.000000
0.364791 0.074332 0.928118 10.792378 -0.659876 0.723884 0.201385 313.933319 -0.656880 -0.685906 0.313116 500.918915 0.000000 0.000000 0.000000 1.000000
0.280912 0.120696 0.952114 10.459974 -0.628873 0.772557 0.087609 312.310730 -0.724988 -0.623369 0.292923 510.763245 0.000000 0.000000 0.000000 1.000000
0.200908 0.134483 0.970335 10.068826 -0.553575 0.832799 -0.000803 311.615784 -0.808202 -0.536991 0.241762 518.527954 0.000000 0.000000 0.000000 1.000000
0.116469 0.183555 0.976085 9.585136 -0.475652 0.873050 -0.107423 310.266815 -0.871889 -0.451765 0.188992 525.732605 0.000000 0.000000 0.000000 1.000000
0.039917 0.244283 0.968882 9.244541 -0.394220 0.894848 -0.209376 307.891632 -0.918149 -0.373595 0.132021 532.546692 0.000000 0.000000 0.000000 1.000000
-0.028553 0.312097 0.949621 8.950502 -0.308398 0.900913 -0.305362 304.916382 -0.950829 -0.301581 0.070527 538.807129 0.000000 0.000000 0.000000 1.000000
-0.090501 0.389189 0.916701 8.821698 -0.213335 0.891535 -0.399566 301.537903 -0.972778 -0.231726 0.002343 544.826355 0.000000 0.000000 0.000000 1.000000
-0.140808 0.467741 0.872578 8.967380 -0.110915 0.868357 -0.483377 296.161499 -0.983804 -0.164845 -0.070392 552.749207 0.000000 0.000000 0.000000 1.000000
-0.177161 0.537419 0.824497 9.272174 -0.024712 0.835055 -0.549611 290.996368 -0.983872 -0.117744 -0.134659 559.932922 0.000000 0.000000 0.000000 1.000000
-0.201409 0.589315 0.782395 9.348579 0.031006 0.802199 -0.596251 287.233337 -0.979016 -0.095831 -0.179843 565.642639 0.000000 0.000000 0.000000 1.000000
-0.220404 0.624577 0.749216 9.405074 0.056782 0.775018 -0.629383 284.256897 -0.973754 -0.096176 -0.206282 570.379089 0.000000 0.000000 0.000000 1.000000
-0.237928 0.651255 0.720595 9.336728 0.065235 0.750940 -0.657141 281.504730 -0.969090 -0.109344 -0.221155 574.630127 0.000000 0.000000 0.000000 1.000000
-0.254844 0.671435 0.695866 9.326373 0.060866 0.729338 -0.681441 278.976288 -0.965065 -0.131306 -0.226735 578.577332 0.000000 0.000000 0.000000 1.000000
-0.271854 0.684785 0.676139 9.453574 0.043623 0.710647 -0.702195 276.687469 -0.961349 -0.161400 -0.223065 581.887512 0.000000 0.000000 0.000000 1.000000
-0.288843 0.693280 0.660252 9.634883 0.018892 0.693640 -0.720074 274.685486 -0.957190 -0.195514 -0.213451 584.682739 0.000000 0.000000 0.000000 1.000000
-0.306049 0.697869 0.647544 9.829151 -0.010407 0.677689 -0.735275 272.998901 -0.951959 -0.231769 -0.200143 587.194153 0.000000 0.000000 0.000000 1.000000
-0.322332 0.699757 0.637528 10.056985 -0.041306 0.662435 -0.747980 271.504700 -0.945725 -0.267432 -0.184620 589.057434 0.000000 0.000000 0.000000 1.000000
-0.338038 0.699772 0.629325 10.222324 -0.069154 0.648413 -0.758142 270.287018 -0.938588 -0.299801 -0.170796 590.835754 0.000000 0.000000 0.000000 1.000000
-0.352344 0.696654 0.624921 10.366627 -0.090951 0.639093 -0.763733 269.422180 -0.931441 -0.325934 -0.161819 592.464478 0.000000 0.000000 0.000000 1.000000
-0.364003 0.691841 0.623585 10.561916 -0.103149 0.635453 -0.765219 268.935822 -0.925669 -0.342864 -0.159943 593.831482 0.000000 0.000000 0.000000 1.000000
-0.372846 0.684675 0.626264 10.737601 -0.108256 0.638225 -0.762201 268.909058 -0.921557 -0.351980 -0.163840 594.957275 0.000000 0.000000 0.000000 1.000000
-0.377813 0.674077 0.634726 10.954069 -0.111411 0.647457 -0.753914 269.042114 -0.919155 -0.355554 -0.169518 595.476685 0.000000 0.000000 0.000000 1.000000
-0.379545 0.660260 0.648076 11.225221 -0.112979 0.662171 -0.740787 269.220825 -0.918249 -0.354381 -0.176728 595.533264 0.000000 0.000000 0.000000 1.000000
-0.378795 0.643306 0.665335 11.516094 -0.113246 0.681287 -0.723204 269.455353 -0.918526 -0.349293 -0.185216 595.305542 0.000000 0.000000 0.000000 1.000000
-0.376243 0.623331 0.685493 11.787292 -0.112370 0.703696 -0.701559 269.733063 -0.919682 -0.340986 -0.194717 594.910522 0.000000 0.000000 0.000000 1.000000
-0.372518 0.600491 0.707560 12.012463 -0.110540 0.728297 -0.676287 270.033417 -0.921418 -0.330143 -0.204926 594.463806 0.000000 0.000000 0.000000 1.000000
-0.368171 0.575050 0.730595 12.158813 -0.107954 0.754035 -0.647902 270.357239 -0.923470 -0.317409 -0.215535 594.039734 0.000000 0.000000 0.000000 1.000000
-0.363736 0.547382 0.753703 12.198194 -0.104820 0.779936 -0.617019 270.717651 -0.925586 -0.303436 -0.226314 593.716064 0.000000 0.000000 0.000000 1.000000
-0.359749 0.517994 0.776055 12.121222 -0.101339 0.805130 -0.584377 271.113708 -0.927529 -0.288874 -0.237152 593.559937 0.000000 0.000000 0.000000 1.000000
-0.356963 0.487470 0.796838 11.996159 -0.097739 0.828864 -0.550847 271.539612 -0.928991 -0.274514 -0.248229 593.589417 0.000000 0.000000 0.000000 1.000000
-0.354984 0.453987 0.817241 11.798774 -0.089968 0.853526 -0.513223 271.967682 -0.930533 -0.255712 -0.262144 593.580566 0.000000 0.000000 0.000000 1.000000
-0.358069 0.416593 0.835606 11.543470 -0.087450 0.876048 -0.474229 272.245453 -0.929591 -0.242880 -0.277254 593.536316 0.000000 0.000000 0.000000 1.000000
-0.364792 0.376157 0.851723 11.243293 -0.090004 0.896230 -0.434362 272.409424 -0.926728 -0.235111 -0.293082 593.464294 0.000000 0.000000 0.000000 1.000000
-0.374040 0.337681 0.863751 10.909210 -0.091569 0.913358 -0.396728 272.566528 -0.922881 -0.227485 -0.310711 593.488831 0.000000 0.000000 0.000000 1.000000
-0.386865 0.306295 0.869781 10.590410 -0.086848 0.926929 -0.365048 272.670044 -0.918038 -0.216763 -0.331995 593.450378 0.000000 0.000000 0.000000 1.000000
-0.401715 0.278709 0.872323 10.181149 -0.080284 0.938176 -0.336720 272.856506 -0.912239 -0.205299 -0.354503 593.606262 0.000000 0.000000 0.000000 1.000000</float_array>
        <technique_common>
          <accessor source="#mixamorig_Hips-Matrix-animation-output-transform-array" count="74" stride="16">
            <param type="float4x4"/>
          </accessor>
        </technique_common>
      </source>
      <source id="mixamorig_Hips-Interpolations">
        <Name_array id="mixamorig_Hips-Interpolations-array" count="74">
 LINEAR LINEAR LINEAR LINEAR LINEAR LINEAR LINEAR LINEAR LINEAR LINEAR LINEAR
LINEAR LINEAR LINEAR LINEAR LINEAR LINEAR LINEAR LINEAR LINEAR LINEAR LINEAR LINEAR
LINEAR LINEAR LINEAR LINEAR LINEAR LINEAR LINEAR LINEAR LINEAR LINEAR LINEAR LINEAR
LINEAR LINEAR LINEAR LINEAR LINEAR LINEAR LINEAR LINEAR LINEAR LINEAR LINEAR LINEAR
LINEAR LINEAR LINEAR LINEAR LINEAR LINEAR LINEAR LINEAR LINEAR LINEAR LINEAR LINEAR
LINEAR LINEAR LINEAR LINEAR LINEAR LINEAR LINEAR LINEAR LINEAR LINEAR LINEAR LINEAR
LINEAR LINEAR LINEAR</Name_array>
        <technique_common>
          <accessor source="#mixamorig_Hips-Interpolations-array" count="74">
            <param type="name"/>
          </accessor>
        </technique_common>
      </source>
      <sampler id="mixamorig_Hips-Matrix-animation-transform">
        <input semantic="INPUT" source="#mixamorig_Hips-Matrix-animation-input"/>
        <input semantic="OUTPUT" source="#mixamorig_Hips-Matrix-animation-output-transform"/>
        <input semantic="INTERPOLATION" source="#mixamorig_Hips-Interpolations"/>
      </sampler>
      <channel source="#mixamorig_Hips-Matrix-animation-transform" target="mixamorig_Hips/matrix"/>
    </animation>
    <animation id="mixamorig_Spine-anim" name="mixamorig_Spine">
      <source id="mixamorig_Spine-Matrix-animation-input">
        <float_array id="mixamorig_Spine-Matrix-animation-input-array" count="74">

0.000000 0.033333 0.066667 0.100000 0.133333 0.166667 0.200000 0.233333 0.266667 0.300000 0.333333 0.366667 0.400000 0.433333 0.466667 0.500000
0.533333 0.566667 0.600000 0.633333 0.666667 0.700000 0.733333 0.766667 0.800000 0.833333 0.866667 0.900000 0.933333 0.966667 1.000000 1.033333
1.066667 1.100000 1.133333 1.166667 1.200000 1.233333 1.266667 1.300000 1.333333 1.366667 1.400000 1.433333 1.466667 1.500000 1.533333 1.566667
1.600000 1.633333 1.666667 1.700000 1.733333 1.766667 1.800000 1.833333 1.866667 1.900000 1.933333 1.966667 2.000000 2.033333 2.066667 2.100000
2.133333 2.166667 2.200000 2.233333 2.266667 2.300000 2.333333 2.366667 2.400000 2.433333</float_array>
        <technique_common>
          <accessor source="#mixamorig_Spine-Matrix-animation-input-array" count="74">
            <param name="TIME" type="float"/>
          </accessor>
        </technique_common>
      </source>
      <source id="mixamorig_Spine-Matrix-animation-output-transform">
        <float_array id="mixamorig_Spine-Matrix-animation-output-transform-array" count="1184">

0.999772 -0.021252 0.001961 -0.000000 0.021269 0.999735 -0.008831 13.784800 -0.001773 0.008871 0.999959 0.064400 0.000000 0.000000 0.000000 1.000000
0.999881 -0.002387 0.015257 0.000000 0.002487 0.999976 -0.006500 13.784800 -0.015241 0.006537 0.999862 0.064400 0.000000 0.000000 0.000000 1.000000
0.999819 -0.001032 0.019005 0.000000 0.001004 0.999998 0.001503 13.784800 -0.019006 -0.001483 0.999818 0.064400 0.000000 0.000000 0.000000 1.000000
0.999765 0.004880 0.021113 0.000000 -0.005053 0.999954 0.008167 13.784800 -0.021073 -0.008272 0.999744 0.064400 0.000000 0.000000 0.000000 1.000000
0.999587 0.009181 0.027241 0.000000 -0.009783 0.999709 0.022030 13.784800 -0.027031 -0.022287 0.999386 0.064400 0.000000 0.000000 0.000000 1.000000
0.999327 0.015029 0.033466 0.000000 -0.016157 0.999302 0.033686 13.784800 -0.032937 -0.034204 0.998872 0.064400 0.000000 0.000000 0.000000 1.000000
0.999164 0.018267 0.036570 0.000000 -0.019861 0.998847 0.043709 13.784800 -0.035729 -0.044399 0.998375 0.064400 0.000000 0.000000 0.000000 1.000000
0.998829 0.024496 0.041723 0.000000 -0.026675 0.998265 0.052493 13.784800 -0.040365 -0.053544 0.997749 0.064400 0.000000 0.000000 0.000000 1.000000
0.998335 0.033526 0.046943 0.000000 -0.036290 0.997579 0.059321 13.784800 -0.044841 -0.060926 0.997135 0.064400 0.000000 0.000000 0.000000 1.000000
0.998633 0.028029 0.044115 0.000000 -0.030839 0.997451 0.064352 13.784800 -0.042199 -0.065624 0.996952 0.064400 0.000000 0.000000 0.000000 1.000000
0.999051 0.018327 0.039520 -0.000000 -0.020925 0.997576 0.066372 13.784800 -0.038208 -0.067136 0.997012 0.064400 0.000000 0.000000 0.000000 1.000000
0.999158 0.015001 0.038193 0.000000 -0.017436 0.997782 0.064246 13.784800 -0.037145 -0.064857 0.997203 0.064400 0.000000 0.000000 0.000000 1.000000
0.999084 0.019483 0.038102 -0.000000 -0.021648 0.998124 0.057265 13.784800 -0.036915 -0.058037 0.997632 0.064400 0.000000 0.000000 0.000000 1.000000
0.998945 0.031323 0.033583 0.000000 -0.032793 0.998487 0.044139 13.784800 -0.032150 -0.045194 0.998461 0.064400 0.000000 0.000000 0.000000 1.000000
0.999008 0.036489 0.025544 0.000000 -0.037012 0.999109 0.020305 13.784800 -0.024780 -0.021230 0.999467 0.064400 0.000000 0.000000 0.000000 1.000000
0.999336 0.032573 0.016299 0.000000 -0.032325 0.999361 -0.015252 13.784800 -0.016785 0.014715 0.999751 0.064400 0.000000 0.000000 0.000000 1.000000
0.999430 0.032852 0.007757 0.000000 -0.032351 0.997815 -0.057605 13.784800 -0.009633 0.057322 0.998309 0.064400 0.000000 0.000000 0.000000 1.000000
0.999449 0.033153 -0.001483 -0.000000 -0.033123 0.993785 -0.106279 13.784800 -0.002050 0.106270 0.994335 0.064400 0.000000 0.000000 0.000000 1.000000
0.999543 0.029447 -0.006849 0.000000 -0.030157 0.987137 -0.157004 13.784800 0.002137 0.157139 0.987574 0.064400 0.000000 0.000000 0.000000 1.000000
0.999695 0.022903 -0.009191 0.000000 -0.024313 0.977899 -0.207661 13.784800 0.004231 0.207821 0.978158 0.064400 0.000000 0.000000 0.000000 1.000000
0.999863 0.014878 -0.007316 0.000000 -0.016255 0.966566 -0.255903 13.784800 0.003264 0.255987 0.966675 0.064400 0.000000 0.000000 0.000000 1.000000
0.999970 0.007274 -0.002727 0.000000 -0.007757 0.954072 -0.299476 13.784800 0.000423 0.299488 0.954100 0.064400 0.000000 0.000000 0.000000 1.000000
0.999998 0.000509 0.002161 0.000000 0.000247 0.941762 -0.336279 13.784800 -0.002206 0.336279 0.941760 0.064400 0.000000 0.000000 0.000000 1.000000
0.999956 -0.006398 0.006920 0.000000 0.008481 0.931182 -0.364456 13.784800 -0.004112 0.364499 0.931195 0.064400 0.000000 0.000000 0.000000 1.000000
0.999863 -0.012910 0.010317 0.000000 0.015873 0.923997 -0.382070 13.784800 -0.004600 0.382181 0.924076 0.064400 0.000000 0.000000 0.000000 1.000000
0.999743 -0.019088 0.012228 0.000000 0.022334 0.921802 -0.387017 13.784800 -0.003884 0.387191 0.921991 0.064400 0.000000 0.000000 0.000000 1.000000
0.999595 -0.025253 0.013119 -0.000000 0.028330 0.926581 -0.375026 13.784800 -0.002686 0.375246 0.926921 0.064400 0.000000 0.000000 0.000000 1.000000
0.999535 -0.028658 0.010410 0.000000 0.030489 0.937813 -0.345799 13.784800 0.000147 0.345955 0.938251 0.064400 0.000000 0.000000 0.000000 1.000000
0.999748 -0.021220 -0.007377 0.000000 0.018003 0.953155 -0.301945 13.784800 0.013438 0.301736 0.953297 0.064400 0.000000 0.000000 0.000000 1.000000
0.999611 -0.009826 -0.026112 0.000000 0.003040 0.968712 -0.248168 13.784800 0.027734 0.247992 0.968365 0.064400 0.000000 0.000000 0.000000 1.000000
0.999070 0.006325 -0.042651 0.000000 -0.014296 0.981821 -0.189267 13.784800 0.040679 0.189701 0.980999 0.064400 0.000000 0.000000 0.000000 1.000000
0.998441 0.024567 -0.050129 0.000000 -0.030946 0.990934 -0.130737 13.784800 0.046462 0.132084 0.990149 0.064400 0.000000 0.000000 0.000000 1.000000
0.997957 0.041495 -0.048586 0.000000 -0.045209 0.995927 -0.078016 13.784800 0.045151 0.080053 0.995768 0.064400 0.000000 0.000000 0.000000 1.000000
0.997167 0.055825 -0.050414 0.000000 -0.057443 0.997861 -0.031220 13.784800 0.048563 0.034028 0.998240 0.064400 0.000000 0.000000 0.000000 1.000000
0.995971 0.074961 -0.049228 0.000000 -0.075017 0.997182 0.000714 13.784800 0.049143 0.002981 0.998787 0.064400 0.000000 0.000000 0.000000 1.000000
0.993844 0.102618 -0.041756 0.000000 -0.102508 0.994721 0.004769 13.784800 0.042025 -0.000459 0.999116 0.064400 0.000000 0.000000 0.000000 1.000000
0.988552 0.146337 -0.036762 -0.000000 -0.146591 0.989188 -0.004317 13.784800 0.035733 0.009656 0.999315 0.064400 0.000000 0.000000 0.000000 1.000000
0.982369 0.183312 -0.036705 0.000000 -0.183931 0.982836 -0.014249 13.784800 0.033463 0.020749 0.999225 0.064400 0.000000 0.000000 0.000000 1.000000
0.979545 0.194145 -0.052911 0.000000 -0.195504 0.980461 -0.021790 13.784800 0.047646 0.031689 0.998361 0.064400 0.000000 0.000000 0.000000 1.000000
0.975648 0.206716 -0.073341 0.000000 -0.209633 0.977170 -0.034521 13.784800 0.064531 0.049055 0.996709 0.064400 0.000000 0.000000 0.000000 1.000000
0.972428 0.215424 -0.089310 0.000000 -0.220825 0.973723 -0.055686 13.784800 0.074967 0.073872 0.994446 0.064400 0.000000 0.000000 0.000000 1.000000
0.972416 0.210983 -0.099468 0.000000 -0.218261 0.973452 -0.068947 13.784800 0.082281 0.088755 0.992649 0.064400 0.000000 0.000000 0.000000 1.000000
0.975503 0.195742 -0.100395 0.000000 -0.204148 0.975531 -0.081627 13.784800 0.081960 0.100123 0.991594 0.064400 0.000000 0.000000 0.000000 1.000000
0.985564 0.148286 -0.081694 0.000000 -0.155989 0.982910 -0.097751 13.784800 0.065803 0.109083 0.991852 0.064400 0.000000 0.000000 0.000000 1.000000
0.992713 0.107731 -0.053994 0.000000 -0.113109 0.987570 -0.109143 13.784800 0.041564 0.114455 0.992559 0.064400 0.000000 0.000000 0.000000 1.000000
0.996427 0.074186 -0.040376 0.000000 -0.078370 0.990331 -0.114467 13.784800 0.031494 0.117223 0.992606 0.064400 0.000000 0.000000 0.000000 1.000000
0.998481 0.045210 -0.031493 -0.000000 -0.048551 0.992181 -0.114973 13.784800 0.026049 0.116328 0.992869 0.064400 0.000000 0.000000 0.000000 1.000000
0.999349 0.029486 -0.020773 -0.000000 -0.031572 0.993592 -0.108529 13.784800 0.017439 0.109115 0.993876 0.064400 0.000000 0.000000 0.000000 1.000000
0.999742 0.022365 -0.003847 0.000000 -0.022630 0.995221 -0.094994 13.784800 0.001704 0.095057 0.995470 0.064400 0.000000 0.000000 0.000000 1.000000
0.999690 0.020191 0.014539 0.000000 -0.018811 0.995807 -0.089520 13.784800 -0.016286 0.089219 0.995879 0.064400 0.000000 0.000000 0.000000 1.000000
0.999281 0.020125 0.032138 0.000000 -0.017194 0.995884 -0.088988 13.784800 -0.033796 0.088372 0.995514 0.064400 0.000000 0.000000 0.000000 1.000000
0.998721 0.021501 0.045761 0.000000 -0.017251 0.995672 -0.091322 13.784800 -0.047527 0.090416 0.994769 0.064400 0.000000 0.000000 0.000000 1.000000
0.998037 0.024284 0.057720 0.000000 -0.018518 0.994973 -0.098414 13.784800 -0.059820 0.097152 0.993470 0.064400 0.000000 0.000000 0.000000 1.000000
0.997126 0.027015 0.070782 0.000000 -0.019357 0.994100 -0.106723 13.784800 -0.073247 0.105046 0.991766 0.064400 0.000000 0.000000 0.000000 1.000000
0.995662 0.029440 0.088261 0.000000 -0.019244 0.993269 -0.114220 13.784800 -0.091030 0.112026 0.989527 0.064400 0.000000 0.000000 0.000000 1.000000
0.995211 0.032444 0.092214 0.000000 -0.019861 0.990751 -0.134233 13.784800 -0.095716 0.131759 0.986650 0.064400 0.000000 0.000000 0.000000 1.000000
0.994776 0.036712 0.095256 0.000000 -0.020397 0.985762 -0.166904 13.784800 -0.100027 0.164089 0.981361 0.064400 0.000000 0.000000 0.000000 1.000000
0.994518 0.040347 0.096465 0.000000 -0.020480 0.979850 -0.198681 13.784800 -0.102537 0.195616 0.975305 0.064400 0.000000 0.000000 0.000000 1.000000
0.994541 0.043183 0.094990 0.000000 -0.020443 0.973343 -0.228443 13.784800 -0.102322 0.225254 0.968912 0.064400 0.000000 0.000000 0.000000 1.000000
0.994658 0.046861 0.091977 0.000000 -0.021735 0.966119 -0.257181 13.784800 -0.100913 0.253808 0.961976 0.064400 0.000000 0.000000 0.000000 1.000000
0.994701 0.051209 0.089154 0.000000 -0.023747 0.958119 -0.285383 13.784800 -0.100034 0.281753 0.954258 0.064400 0.000000 0.000000 0.000000 1.000000
0.994683 0.055747 0.086588 0.000000 -0.025965 0.949409 -0.312967 13.784800 -0.099654 0.309055 0.945809 0.064400 0.000000 0.000000 0.000000 1.000000
0.994631 0.060235 0.084151 0.000000 -0.028164 0.940016 -0.339967 13.784800 -0.099581 0.335771 0.936665 0.064400 0.000000 0.000000 0.000000 1.000000
0.994503 0.065273 0.081872 0.000000 -0.030857 0.929888 -0.366545 13.784800 -0.100058 0.362004 0.926791 0.064400 0.000000 0.000000 0.000000 1.000000
0.994297 0.070183 0.080304 0.000000 -0.033165 0.919098 -0.392631 13.784800 -0.101363 0.387728 0.916183 0.064400 0.000000 0.000000 0.000000 1.000000
0.994193 0.074506 0.077648 0.000000 -0.035365 0.907690 -0.418149 13.784800 -0.101635 0.412974 0.905054 0.064400 0.000000 0.000000 0.000000 1.000000
0.994254 0.077467 0.073877 -0.000000 -0.036871 0.895740 -0.443046 13.784800 -0.100496 0.437777 0.893449 0.064400 0.000000 0.000000 0.000000 1.000000
0.994349 0.078936 0.070987 -0.000000 -0.036759 0.883322 -0.467323 13.784800 -0.099593 0.462073 0.881232 0.064400 0.000000 0.000000 0.000000 1.000000
0.994503 0.078855 0.068883 0.000000 -0.035006 0.870432 -0.491043 13.784800 -0.098679 0.485933 0.868408 0.064400 0.000000 0.000000 0.000000 1.000000
0.994584 0.079142 0.067376 0.000000 -0.033351 0.856963 -0.514298 13.784800 -0.098441 0.509265 0.854961 0.064400 0.000000 0.000000 0.000000 1.000000
0.994605 0.079723 0.066376 0.000000 -0.031732 0.842984 -0.537002 13.784800 -0.098765 0.531999 0.840966 0.064400 0.000000 0.000000 0.000000 1.000000
0.994620 0.079519 0.066398 0.000000 -0.028935 0.828671 -0.558988 13.784800 -0.099472 0.554060 0.826513 0.064400 0.000000 0.000000 0.000000 1.000000
0.994383 0.079854 0.069473 0.000000 -0.024928 0.814583 -0.579511 13.784800 -0.102868 0.574524 0.811998 0.064400 0.000000 0.000000 0.000000 1.000000
0.994143 0.079780 0.072906 0.000000 -0.020296 0.800406 -0.599114 13.784800 -0.106152 0.594125 0.797338 0.064400 0.000000 0.000000 0.000000 1.000000</float_array>
        <technique_common>
          <accessor source="#mixamorig_Spine-Matrix-animation-output-transform-array" count="74" stride="16">
            <param type="float4x4"/>
          </accessor>
        </technique_common>
      </source>
      <source id="mixamorig_Spine-Interpolations">
        <Name_array id="mixamorig_Spine-Interpolations-array" count="74">
 LINEAR LINEAR LINEAR LINEAR LINEAR LINEAR LINEAR LINEAR LINEAR LINEAR LINEAR
LINEAR LINEAR LINEAR LINEAR LINEAR LINEAR LINEAR LINEAR LINEAR LINEAR LINEAR LINEAR
LINEAR LINEAR LINEAR LINEAR LINEAR LINEAR LINEAR LINEAR LINEAR LINEAR LINEAR LINEAR
LINEAR LINEAR LINEAR LINEAR LINEAR LINEAR LINEAR LINEAR LINEAR LINEAR LINEAR LINEAR
LINEAR LINEAR LINEAR LINEAR LINEAR LINEAR LINEAR LINEAR LINEAR LINEAR LINEAR LINEAR
LINEAR LINEAR LINEAR LINEAR LINEAR LINEAR LINEAR LINEAR LINEAR LINEAR LINEAR LINEAR
LINEAR LINEAR LINEAR</Name_array>
        <technique_common>
          <accessor source="#mixamorig_Spine-Interpolations-array" count="74">
            <param type="name"/>
          </accessor>
        </technique_common>
      </source>
      <sampler id="mixamorig_Spine-Matrix-animation-transform">
        <input semantic="INPUT" source="#mixamorig_Spine-Matrix-animation-input"/>
        <input semantic="OUTPUT" source="#mixamorig_Spine-Matrix-animation-output-transform"/>
        <input semantic="INTERPOLATION" source="#mixamorig_Spine-Interpolations"/>
      </sampler>
      <channel source="#mixamorig_Spine-Matrix-animation-transform" target="mixamorig_Spine/matrix"/>
    </animation>
    <animation id="mixamorig_Spine1-anim" name="mixamorig_Spine1">
      <source id="mixamorig_Spine1-Matrix-animation-input">
        <float_array id="mixamorig_Spine1-Matrix-animation-input-array" count="74">

0.000000 0.033333 0.066667 0.100000 0.133333 0.166667 0.200000 0.233333 0.266667 0.300000 0.333333 0.366667 0.400000 0.433333 0.466667 0.500000
0.533333 0.566667 0.600000 0.633333 0.666667 0.700000 0.733333 0.766667 0.800000 0.833333 0.866667 0.900000 0.933333 0.966667 1.000000 1.033333
1.066667 1.100000 1.133333 1.166667 1.200000 1.233333 1.266667 1.300000 1.333333 1.366667 1.400000 1.433333 1.466667 1.500000 1.533333 1.566667
1.600000 1.633333 1.666667 1.700000 1.733333 1.766667 1.800000 1.833333 1.866667 1.900000 1.933333 1.966667 2.000000 2.033333 2.066667 2.100000
2.133333 2.166667 2.200000 2.233333 2.266667 2.300000 2.333333 2.366667 2.400000 2.433333</float_array>
        <technique_common>
          <accessor source="#mixamorig_Spine1-Matrix-animation-input-array" count="74">
            <param name="TIME" type="float"/>
          </accessor>
        </technique_common>
      </source>
      <source id="mixamorig_Spine1-Matrix-animation-output-transform">
        <float_array id="mixamorig_Spine1-Matrix-animation-output-transform-array" count="1184">

0.999053 -0.037968 0.021264 -0.000000 0.036789 0.997899 0.053333 12.024300 -0.023244 -0.052500 0.998350 -0.000000 0.000000 0.000000 0.000000 1.000000
0.999583 -0.011473 0.026510 -0.000000 0.009938 0.998305 0.057352 12.024300 -0.027123 -0.057065 0.998002 0.000000 0.000000 0.000000 0.000000 1.000000
0.999665 -0.006792 0.024975 0.000000 0.005145 0.997846 0.065400 12.024300 -0.025366 -0.065249 0.997547 0.000000 0.000000 0.000000 0.000000 1.000000
0.999806 0.000403 0.019696 0.000000 -0.001772 0.997580 0.069511 12.024300 -0.019620 -0.069532 0.997387 0.000000 0.000000 0.000000 0.000000 1.000000
0.999795 0.001063 0.020216 -0.000000 -0.002809 0.996246 0.086527 12.024300 -0.020048 -0.086566 0.996044 0.000000 0.000000 0.000000 0.000000 1.000000
0.999796 0.002471 0.020071 0.000000 -0.004441 0.995106 0.098711 12.024300 -0.019729 -0.098780 0.994914 -0.000000 0.000000 0.000000 0.000000 1.000000
0.999756 0.005018 0.021519 0.000000 -0.007312 0.994137 0.107882 12.024300 -0.020852 -0.108013 0.993931 0.000000 0.000000 0.000000 0.000000 1.000000
0.999690 0.007738 0.023649 0.000000 -0.010438 0.993163 0.116270 12.024300 -0.022588 -0.116480 0.992936 0.000000 0.000000 0.000000 0.000000 1.000000
0.999604 0.010613 0.026063 0.000000 -0.013742 0.992313 0.122991 12.024300 -0.024558 -0.123301 0.992065 -0.000000 0.000000 0.000000 0.000000 1.000000
0.999505 0.013632 0.028355 0.000000 -0.017135 0.991731 0.127187 12.024300 -0.026386 -0.127610 0.991473 0.000000 0.000000 0.000000 0.000000 1.000000
0.999405 0.016825 0.030106 0.000000 -0.020550 0.991556 0.128040 12.024300 -0.027697 -0.128583 0.991312 0.000000 0.000000 0.000000 0.000000 1.000000
0.999318 0.020219 0.030889 0.000000 -0.023924 0.991907 0.124693 12.024300 -0.028118 -0.125347 0.991714 0.000000 0.000000 0.000000 0.000000 1.000000
0.999258 0.023819 0.030266 0.000000 -0.027188 0.992847 0.116261 12.024300 -0.027281 -0.116997 0.992757 0.000000 0.000000 0.000000 0.000000 1.000000
0.999267 0.027959 0.026132 -0.000000 -0.030423 0.994598 0.099238 12.024300 -0.023216 -0.099961 0.994720 0.000000 0.000000 0.000000 0.000000 1.000000
0.999371 0.027646 0.022197 0.000000 -0.029134 0.997137 0.069782 12.024300 -0.020204 -0.070385 0.997315 0.000000 0.000000 0.000000 0.000000 1.000000
0.999550 0.025771 0.015330 0.000000 -0.026194 0.999263 0.028042 12.024300 -0.014597 -0.028431 0.999489 -0.000000 0.000000 0.000000 0.000000 1.000000
0.999563 0.025950 0.014131 0.000000 -0.025719 0.999536 -0.016319 12.024300 -0.014548 0.015948 0.999767 0.000000 0.000000 0.000000 0.000000 1.000000
0.999551 0.028589 0.008942 0.000000 -0.027922 0.997331 -0.067470 12.024300 -0.010847 0.067190 0.997681 0.000000 0.000000 0.000000 0.000000 1.000000
0.999647 0.026300 0.003809 0.000000 -0.025653 0.992440 -0.120023 12.024300 -0.006937 0.119883 0.992764 0.000000 0.000000 0.000000 0.000000 1.000000
0.999768 0.021535 -0.000349 0.000000 -0.021273 0.984823 -0.172254 12.024300 -0.003366 0.172222 0.985052 0.000000 0.000000 0.000000 0.000000 1.000000
0.999875 0.015425 -0.003545 0.000000 -0.015827 0.974941 -0.221900 12.024300 0.000033 0.221928 0.975063 0.000000 0.000000 0.000000 0.000000 1.000000
0.999941 0.009070 -0.006029 0.000000 -0.010350 0.963693 -0.266813 12.024300 0.003390 0.266859 0.963730 0.000000 0.000000 0.000000 0.000000 1.000000
0.999960 0.003507 -0.008265 0.000000 -0.005861 0.952348 -0.304958 12.024300 0.006802 0.304994 0.952330 0.000000 0.000000 0.000000 0.000000 1.000000
0.999947 -0.001930 -0.010089 0.000000 -0.001559 0.942308 -0.334743 12.024300 0.010153 0.334741 0.942256 0.000000 0.000000 0.000000 0.000000 1.000000
0.999906 -0.007789 -0.011300 0.000000 0.003280 0.935111 -0.354341 12.024300 0.013326 0.354270 0.935048 -0.000000 0.000000 0.000000 0.000000 1.000000
0.999837 -0.012939 -0.012553 0.000000 0.007527 0.932350 -0.361478 12.024300 0.016381 0.361324 0.932296 0.000000 0.000000 0.000000 0.000000 1.000000
0.999761 -0.016227 -0.014657 0.000000 0.010039 0.936088 -0.351623 12.024300 0.019426 0.351392 0.936027 -0.000000 0.000000 0.000000 0.000000 1.000000
0.999698 -0.016479 -0.018223 0.000000 0.009686 0.945981 -0.324078 12.024300 0.022579 0.323804 0.945855 0.000000 0.000000 0.000000 0.000000 1.000000
0.999419 -0.014600 -0.030804 -0.000000 0.005392 0.959963 -0.280076 12.024300 0.033660 0.279747 0.959483 0.000000 0.000000 0.000000 0.000000 1.000000
0.999032 -0.018916 -0.039716 0.000000 0.009442 0.973993 -0.226380 12.024300 0.042965 0.225785 0.973229 0.000000 0.000000 0.000000 0.000000 1.000000
0.998684 -0.020716 -0.046907 0.000000 0.012587 0.985809 -0.167398 12.024300 0.049709 0.166587 0.984773 0.000000 0.000000 0.000000 0.000000 1.000000
0.998706 -0.018863 -0.047224 0.000000 0.013524 0.993736 -0.110930 12.024300 0.049020 0.110148 0.992706 0.000000 0.000000 0.000000 0.000000 1.000000
0.999059 -0.014950 -0.040703 0.000000 0.012582 0.998249 -0.057806 12.024300 0.041496 0.057240 0.997498 0.000000 0.000000 0.000000 0.000000 1.000000
0.998658 -0.016464 -0.049105 0.000000 0.016094 0.999839 -0.007917 12.024300 0.049227 0.007116 0.998762 0.000000 0.000000 0.000000 0.000000 1.000000
0.998246 -0.019128 -0.056019 0.000000 0.020634 0.999438 0.026423 12.024300 0.055482 -0.027533 0.998080 0.000000 0.000000 0.000000 0.000000 1.000000
0.998034 -0.017105 -0.060299 -0.000000 0.018451 0.999591 0.021841 12.024300 0.059901 -0.022911 0.997941 0.000000 0.000000 0.000000 0.000000 1.000000
0.998313 0.006080 -0.057737 0.000000 -0.005902 0.999977 0.003252 12.024300 0.057755 -0.002906 0.998327 -0.000000 0.000000 0.000000 0.000000 1.000000
0.998189 0.039192 -0.045630 0.000000 -0.039603 0.999182 -0.008151 12.024300 0.045273 0.009943 0.998925 0.000000 0.000000 0.000000 0.000000 1.000000
0.996877 0.055569 -0.056103 0.000000 -0.056371 0.998328 -0.012816 12.024300 0.055297 0.015939 0.998343 0.000000 0.000000 0.000000 0.000000 1.000000
0.995082 0.070737 -0.069343 0.000000 -0.072920 0.996902 -0.029465 12.024300 0.067044 0.034376 0.997158 0.000000 0.000000 0.000000 0.000000 1.000000
0.992408 0.087612 -0.086316 0.000000 -0.092836 0.993962 -0.058491 12.024300 0.080670 0.066060 0.994549 -0.000000 0.000000 0.000000 0.000000 1.000000
0.990997 0.097927 -0.091292 0.000000 -0.104596 0.991951 -0.071368 12.024300 0.083568 0.080275 0.993263 0.000000 0.000000 0.000000 0.000000 1.000000
0.990786 0.101165 -0.090053 -0.000000 -0.109476 0.989657 -0.092705 12.024300 0.079743 0.101709 0.991613 0.000000 0.000000 0.000000 0.000000 1.000000
0.990989 0.103947 -0.084472 -0.000000 -0.113120 0.987219 -0.112257 12.024300 0.071724 0.120801 0.990082 0.000000 0.000000 0.000000 0.000000 1.000000
0.991190 0.104691 -0.081125 0.000000 -0.114181 0.985833 -0.122865 12.024300 0.067113 0.131046 0.989102 0.000000 0.000000 0.000000 0.000000 1.000000
0.993018 0.089610 -0.076718 0.000000 -0.099044 0.986608 -0.129596 12.024300 0.064078 0.136289 0.988595 0.000000 0.000000 0.000000 0.000000 1.000000
0.995602 0.061897 -0.070321 0.000000 -0.070768 0.988773 -0.131602 12.024300 0.061385 0.136000 0.988805 0.000000 0.000000 0.000000 0.000000 1.000000
0.997756 0.027816 -0.060901 -0.000000 -0.035213 0.991661 -0.123972 12.024300 0.056945 0.125839 0.990415 0.000000 0.000000 0.000000 0.000000 1.000000
0.998470 0.015242 -0.053147 0.000000 -0.021006 0.993749 -0.109640 12.024300 0.051144 0.110588 0.992549 0.000000 0.000000 0.000000 0.000000 1.000000
0.998894 0.008733 -0.046204 0.000000 -0.013253 0.995054 -0.098448 12.024300 0.045116 0.098952 0.994069 -0.000000 0.000000 0.000000 0.000000 1.000000
0.999202 0.005057 -0.039632 0.000000 -0.008654 0.995801 -0.091130 12.024300 0.039005 0.091401 0.995050 0.000000 0.000000 0.000000 0.000000 1.000000
0.999437 0.003531 -0.033355 -0.000000 -0.006562 0.995810 -0.091207 12.024300 0.032894 0.091374 0.995273 0.000000 0.000000 0.000000 0.000000 1.000000
0.999591 0.003889 -0.028322 0.000000 -0.006645 0.995178 -0.097865 12.024300 0.027805 0.098013 0.994797 0.000000 0.000000 0.000000 0.000000 1.000000
0.999649 0.005213 -0.025977 0.000000 -0.007941 0.994330 -0.106045 12.024300 0.025277 0.106214 0.994022 0.000000 0.000000 0.000000 0.000000 1.000000
0.999673 0.007759 -0.024357 0.000000 -0.010490 0.993417 -0.114075 12.024300 0.023312 0.114293 0.993174 0.000000 0.000000 0.000000 0.000000 1.000000
0.999694 0.010960 -0.022166 0.000000 -0.013688 0.991816 -0.126936 12.024300 0.020594 0.127201 0.991663 0.000000 0.000000 0.000000 0.000000 1.000000
0.999672 0.015903 -0.020095 0.000000 -0.018637 0.989379 -0.144156 12.024300 0.017589 0.144484 0.989351 0.000000 0.000000 0.000000 0.000000 1.000000
0.999576 0.022322 -0.018714 0.000000 -0.025044 0.986665 -0.160827 12.024300 0.014875 0.161227 0.986805 0.000000 0.000000 0.000000 0.000000 1.000000
0.999459 0.027842 -0.017497 0.000000 -0.030504 0.983723 -0.177084 12.024300 0.012281 0.177522 0.984040 0.000000 0.000000 0.000000 0.000000 1.000000
0.999328 0.032692 -0.016607 0.000000 -0.035288 0.980519 -0.193229 12.024300 0.009966 0.193685 0.981013 0.000000 0.000000 0.000000 0.000000 1.000000
0.999229 0.035819 -0.016099 -0.000000 -0.038402 0.976989 -0.209806 12.024300 0.008214 0.210262 0.977611 0.000000 0.000000 0.000000 0.000000 1.000000
0.999165 0.037574 -0.016064 0.000000 -0.040238 0.973188 -0.226463 12.024300 0.007124 0.226920 0.973887 0.000000 0.000000 0.000000 0.000000 1.000000
0.999126 0.038456 -0.016374 0.000000 -0.041279 0.969353 -0.242180 12.024300 0.006559 0.242645 0.970093 -0.000000 0.000000 0.000000 0.000000 1.000000
0.999102 0.038838 -0.016938 -0.000000 -0.041879 0.965903 -0.255494 12.024300 0.006437 0.255974 0.966662 -0.000000 0.000000 0.000000 0.000000 1.000000
0.999093 0.038773 -0.017605 0.000000 -0.042068 0.962808 -0.266891 12.024300 0.006602 0.267390 0.963566 0.000000 0.000000 0.000000 0.000000 1.000000
0.999114 0.037973 -0.018158 0.000000 -0.041534 0.959385 -0.279025 12.024300 0.006825 0.279532 0.960112 0.000000 0.000000 0.000000 0.000000 1.000000
0.999166 0.036385 -0.018544 0.000000 -0.040195 0.956458 -0.289089 12.024300 0.007218 0.289593 0.957123 0.000000 0.000000 0.000000 0.000000 1.000000
0.999228 0.034257 -0.019257 0.000000 -0.038464 0.953009 -0.300489 12.024300 0.008058 0.300997 0.953591 0.000000 0.000000 0.000000 0.000000 1.000000
0.999301 0.031250 -0.020518 0.000000 -0.036082 0.949807 -0.310749 12.024300 0.009778 0.311273 0.950270 -0.000000 0.000000 0.000000 0.000000 1.000000
